0	1	4.52	13.98
1	1	4.52	13.45
2	1	4.52	12.92
3	1	4.54	12.41
4	1	4.59	11.90
5	1	4.63	11.40
6	1	4.58	10.91
7	1	4.44	10.45
8	1	4.30	9.98
9	1	4.15	9.48
10	1	3.99	8.94
11	1	3.84	8.39
12	1	3.76	7.85
13	1	3.71	7.29
14	1	3.65	6.74
15	1	3.62	6.18
16	1	3.60	5.62
17	1	3.57	5.05
18	1	3.49	4.52
19	1	3.38	4.01
20	1	3.27	3.49
21	1	3.17	2.98
22	1	3.10	2.50
23	1	3.03	2.03
24	1	2.96	1.55
25	1	2.89	1.08
26	1	2.82	0.60
0	2	5.07	13.90
1	2	5.06	13.36
2	2	5.05	12.83
3	2	5.06	12.32
4	2	5.11	11.86
5	2	5.16	11.39
6	2	5.16	10.91
7	2	5.05	10.40
8	2	4.93	9.88
9	2	4.79	9.36
10	2	4.63	8.81
11	2	4.47	8.27
12	2	4.38	7.73
13	2	4.32	7.20
14	2	4.27	6.66
15	2	4.24	6.14
16	2	4.24	5.63
17	2	4.24	5.12
18	2	4.21	4.60
19	2	4.14	4.05
20	2	4.07	3.51
21	2	4.00	2.99
22	2	3.95	2.50
23	2	3.90	2.01
24	2	3.84	1.52
25	2	3.75	1.04
26	2	3.66	0.56
0	3	5.07	12.42
1	3	5.15	12.01
2	3	5.23	11.59
3	3	5.31	11.17
4	3	5.36	10.75
5	3	5.40	10.34
6	3	5.45	9.92
7	3	5.49	9.49
8	3	5.54	9.07
9	3	5.59	8.64
10	3	5.64	8.21
11	3	5.69	7.79
12	3	5.72	7.36
13	3	5.72	6.95
14	3	5.73	6.53
15	3	5.74	6.11
16	3	5.74	5.69
17	3	5.76	5.30
18	3	5.77	4.91
19	3	5.79	4.52
20	3	5.81	4.13
21	3	5.85	3.74
22	3	5.94	3.34
23	3	6.03	2.95
24	3	6.12	2.55
25	3	6.21	2.16
26	3	6.40	1.81
27	3	6.59	1.47
28	3	6.79	1.12
29	3	6.98	0.81
30	3	7.18	0.53
0	4	5.85	12.37
1	4	5.91	11.91
2	4	5.97	11.46
3	4	6.03	11.00
4	4	6.05	10.57
5	4	6.05	10.15
6	4	6.05	9.74
7	4	6.05	9.32
8	4	6.05	8.91
9	4	6.11	8.47
10	4	6.17	8.03
11	4	6.23	7.59
12	4	6.29	7.15
13	4	6.35	6.72
14	4	6.39	6.33
15	4	6.43	5.93
16	4	6.48	5.53
17	4	6.52	5.14
18	4	6.57	4.76
19	4	6.63	4.39
20	4	6.69	4.02
21	4	6.74	3.66
22	4	6.81	3.32
23	4	6.87	3.02
24	4	6.94	2.71
25	4	7.00	2.41
26	4	7.07	2.11
27	4	7.22	1.87
28	4	7.37	1.63
29	4	7.52	1.40
30	4	7.67	1.16
31	4	7.87	0.88
32	4	8.06	0.59
0	5	5.04	9.13
1	5	4.98	8.76
2	5	4.93	8.40
3	5	4.87	8.03
4	5	4.79	7.66
5	5	4.65	7.29
6	5	4.52	6.91
7	5	4.38	6.54
8	5	4.30	6.14
9	5	4.22	5.74
10	5	4.14	5.33
11	5	4.06	4.93
12	5	3.98	4.53
13	5	3.92	4.15
14	5	3.87	3.76
15	5	3.81	3.38
16	5	3.75	3.00
17	5	3.69	2.62
18	5	3.69	2.26
19	5	3.69	1.91
20	5	3.69	1.56
21	5	3.69	1.21
22	5	3.69	0.86
23	5	3.69	0.51
0	6	4.00	8.48
1	6	3.95	8.98
2	6	3.91	9.48
3	6	3.86	9.97
4	6	3.86	10.39
5	6	3.87	10.79
6	6	3.94	11.16
7	6	4.09	11.48
8	6	4.37	11.84
9	6	4.71	12.24
10	6	5.06	12.64
11	6	5.44	12.99
12	6	5.82	13.33
13	6	6.20	13.67
14	6	6.63	13.95
15	6	7.16	14.08
16	6	7.67	14.21
17	6	8.15	14.33
18	6	8.63	14.46
19	6	9.09	14.49
20	6	9.55	14.50
21	6	10.00	14.50
22	6	10.46	14.51
23	6	10.88	14.51
24	6	11.31	14.52
25	6	11.73	14.52
26	6	12.16	14.52
0	7	4.42	6.63
1	7	4.25	7.11
2	7	4.09	7.59
3	7	3.96	8.09
4	7	3.86	8.61
5	7	3.77	9.13
6	7	3.67	9.65
7	7	3.55	10.16
8	7	3.42	10.68
9	7	3.35	11.24
10	7	3.29	11.81
11	7	3.25	12.35
12	7	3.25	12.86
13	7	3.25	13.36
14	7	3.33	13.90
15	7	3.52	14.48
16	7	3.71	15.06
0	8	8.23	4.76
1	8	8.15	4.98
2	8	8.07	5.20
3	8	8.04	5.39
4	8	8.06	5.54
5	8	8.09	5.69
6	8	8.11	5.84
7	8	8.13	5.99
8	8	8.15	6.16
9	8	8.16	6.33
10	8	8.18	6.50
11	8	8.21	6.61
12	8	8.26	6.69
13	8	8.31	6.77
14	8	8.36	6.76
15	8	8.42	6.75
16	8	8.47	6.71
17	8	8.45	6.47
18	8	8.43	6.22
19	8	8.41	5.98
20	8	8.40	5.74
21	8	8.43	5.55
22	8	8.47	5.35
23	8	8.50	5.15
24	8	8.50	4.95
25	8	8.47	4.74
26	8	8.45	4.53
27	8	8.42	4.32
28	8	8.39	4.11
29	8	8.38	3.93
30	8	8.38	3.74
31	8	8.37	3.56
32	8	8.36	3.38
33	8	8.31	3.34
34	8	8.25	3.30
35	8	8.20	3.26
36	8	8.14	3.22
37	8	8.10	3.16
38	8	8.08	3.07
39	8	8.07	2.98
40	8	8.05	2.88
41	8	8.00	2.76
42	8	7.94	2.63
43	8	7.88	2.50
44	8	7.88	2.42
45	8	7.89	2.35
46	8	7.89	2.28
47	8	7.88	2.18
48	8	7.85	2.07
49	8	7.83	1.96
50	8	7.80	1.85
51	8	7.89	1.81
52	8	8.04	1.80
53	8	8.18	1.79
54	8	8.21	1.79
55	8	8.22	1.79
56	8	8.23	1.79
57	8	8.24	1.79
58	8	8.25	1.79
59	8	8.26	1.79
60	8	8.27	1.79
61	8	8.28	1.79
62	8	8.29	1.80
63	8	8.30	1.80
64	8	8.30	1.80
65	8	8.31	1.80
66	8	8.32	1.80
67	8	8.33	1.80
68	8	8.34	1.80
69	8	8.35	1.80
70	8	8.36	1.80
71	8	8.37	1.80
72	8	8.38	1.81
73	8	8.39	1.81
74	8	8.40	1.81
75	8	8.40	1.81
76	8	8.41	1.81
77	8	8.42	1.81
78	8	8.43	1.81
79	8	8.44	1.81
80	8	8.45	1.81
81	8	8.46	1.81
82	8	8.47	1.81
83	8	8.48	1.82
84	8	8.49	1.82
85	8	8.49	1.82
86	8	8.50	1.82
87	8	8.51	1.82
88	8	8.52	1.82
89	8	8.53	1.82
90	8	8.54	1.82
91	8	8.55	1.82
92	8	8.56	1.82
93	8	8.57	1.82
94	8	8.54	1.81
95	8	8.47	1.78
96	8	8.41	1.75
97	8	8.35	1.72
98	8	8.30	1.67
99	8	8.24	1.62
100	8	8.19	1.58
101	8	8.12	1.54
102	8	8.05	1.49
103	8	7.98	1.45
104	8	7.94	1.44
105	8	7.92	1.46
106	8	7.90	1.48
107	8	7.88	1.50
108	8	7.87	1.52
109	8	7.85	1.55
110	8	7.83	1.57
111	8	7.81	1.59
112	8	7.79	1.61
113	8	7.77	1.63
114	8	7.75	1.65
115	8	7.74	1.67
116	8	7.72	1.69
117	8	7.70	1.71
118	8	7.68	1.73
119	8	7.66	1.76
120	8	7.64	1.78
121	8	7.68	1.92
122	8	7.74	2.14
123	8	7.81	2.36
124	8	7.83	2.61
125	8	7.85	2.87
126	8	7.86	3.13
127	8	7.88	3.39
128	8	7.91	3.63
129	8	7.94	3.87
130	8	7.97	4.12
131	8	7.98	4.28
132	8	7.99	4.43
133	8	8.01	4.59
134	8	8.02	4.74
135	8	8.03	4.89
136	8	8.07	4.98
137	8	8.12	5.08
138	8	8.16	5.17
139	8	8.21	5.26
140	8	8.22	5.30
141	8	8.20	5.24
142	8	8.18	5.18
143	8	8.16	5.12
144	8	8.12	4.96
145	8	8.08	4.79
146	8	8.05	4.63
147	8	8.01	4.47
148	8	7.98	4.30
149	8	7.96	4.14
150	8	7.93	3.98
151	8	7.90	3.82
152	8	7.90	3.65
153	8	7.92	3.49
154	8	7.93	3.32
155	8	7.94	3.16
156	8	7.95	3.00
157	8	7.96	2.90
158	8	7.97	2.80
159	8	7.97	2.70
160	8	7.97	2.60
161	8	7.97	2.51
162	8	7.97	2.41
163	8	7.94	2.32
164	8	7.90	2.22
165	8	7.85	2.12
166	8	7.80	2.02
167	8	7.76	1.95
168	8	7.76	1.97
169	8	7.75	1.99
170	8	7.74	2.01
171	8	7.74	2.04
172	8	7.73	2.06
173	8	7.72	2.08
174	8	7.72	2.10
175	8	7.71	2.17
176	8	7.71	2.28
177	8	7.70	2.38
178	8	7.70	2.48
179	8	7.69	2.58
180	8	7.70	2.61
181	8	7.72	2.55
182	8	7.74	2.50
183	8	7.75	2.45
184	8	7.77	2.39
185	8	7.79	2.34
186	8	7.81	2.29
187	8	7.83	2.24
188	8	7.85	2.18
189	8	7.87	2.13
190	8	7.82	1.95
191	8	7.75	1.75
192	8	7.68	1.54
193	8	7.65	1.31
194	8	7.68	1.03
195	8	7.72	0.75
196	8	7.75	0.47
3	9	4.08	15.22
4	9	3.93	14.62
5	9	3.84	14.05
6	9	3.82	13.54
7	9	3.80	13.03
8	9	3.84	12.56
9	9	3.90	12.10
10	9	3.86	11.66
11	9	3.74	11.23
12	9	3.61	10.80
13	9	3.52	10.26
14	9	3.44	9.69
15	9	3.39	9.16
16	9	3.44	8.70
17	9	3.49	8.24
18	9	3.53	7.78
19	9	3.50	7.29
20	9	3.47	6.80
21	9	3.44	6.31
22	9	3.46	5.83
23	9	3.50	5.35
24	9	3.54	4.87
25	9	3.58	4.39
26	9	3.61	3.93
27	9	3.63	3.47
28	9	3.66	3.00
29	9	3.68	2.54
30	9	3.71	2.19
31	9	3.73	1.92
32	9	3.75	1.65
33	9	3.77	1.49
34	9	3.78	1.47
35	9	3.79	1.46
36	9	3.79	1.44
37	9	3.80	1.42
38	9	3.81	1.41
39	9	3.81	1.39
40	9	3.82	1.38
41	9	3.83	1.36
42	9	3.83	1.35
43	9	3.84	1.33
44	9	3.85	1.32
45	9	3.86	1.30
46	9	3.86	1.29
47	9	3.87	1.27
48	9	3.88	1.26
49	9	3.88	1.24
50	9	3.89	1.23
51	9	3.90	1.21
52	9	3.91	1.19
53	9	3.91	1.18
54	9	3.92	1.16
55	9	3.93	1.14
56	9	3.96	1.07
57	9	3.99	1.00
58	9	4.02	0.92
59	9	4.03	0.83
60	9	4.04	0.72
61	9	4.04	0.62
62	9	4.05	0.51
63	9	4.05	0.40
12	10	7.83	0.63
13	10	7.73	0.93
14	10	7.62	1.22
15	10	7.51	1.56
16	10	7.42	2.06
17	10	7.33	2.55
18	10	7.24	3.05
19	10	7.17	3.55
20	10	7.11	4.05
21	10	7.04	4.54
22	10	6.98	5.03
23	10	6.89	5.52
24	10	6.81	6.00
25	10	6.72	6.49
26	10	6.67	6.96
27	10	6.65	7.43
28	10	6.64	7.90
29	10	6.63	8.37
30	10	6.59	8.87
31	10	6.55	9.38
32	10	6.50	9.90
33	10	6.46	10.41
34	10	6.46	10.91
35	10	6.50	11.40
36	10	6.53	11.89
37	10	6.57	12.38
38	10	6.60	12.88
39	10	6.58	13.42
40	10	6.57	13.96
41	10	6.56	14.51
42	10	6.57	15.04
43	10	6.82	15.45
20	11	8.18	0.78
21	11	7.92	1.31
22	11	7.72	1.88
23	11	7.67	2.55
24	11	7.62	3.21
25	11	7.45	3.90
26	11	7.25	4.60
27	11	7.04	5.30
28	11	6.79	6.00
29	11	6.54	6.70
30	11	6.28	7.40
31	11	6.01	8.09
32	11	5.75	8.79
33	11	5.60	9.52
34	11	5.54	10.27
35	11	5.47	11.02
36	11	5.40	11.77
37	11	5.30	12.49
38	11	5.21	13.22
39	11	5.11	13.95
40	11	5.04	14.66
41	11	4.97	15.37
33	12	4.37	15.61
34	12	4.42	15.06
35	12	4.47	14.51
36	12	4.51	13.96
37	12	4.56	13.39
38	12	4.60	12.81
39	12	4.65	12.22
40	12	4.76	11.68
41	12	4.88	11.15
42	12	5.00	10.61
43	12	5.10	10.11
44	12	5.19	9.60
45	12	5.29	9.10
46	12	5.38	8.60
47	12	5.48	8.10
48	12	5.58	7.59
49	12	5.67	7.09
50	12	5.78	6.60
51	12	5.91	6.18
52	12	6.04	5.75
53	12	6.17	5.32
54	12	6.29	4.88
55	12	6.32	4.39
56	12	6.34	3.89
57	12	6.37	3.39
58	12	6.41	2.90
59	12	6.49	2.48
60	12	6.57	2.06
61	12	6.65	1.65
62	12	6.60	1.32
63	12	6.56	0.99
64	12	6.68	0.59
34	13	3.78	14.85
35	13	3.79	14.26
36	13	3.80	13.68
37	13	3.82	13.11
38	13	3.83	12.55
39	13	3.89	11.99
40	13	4.05	11.44
41	13	4.21	10.89
42	13	4.35	10.34
43	13	4.46	9.80
44	13	4.57	9.25
45	13	4.68	8.71
46	13	4.79	8.21
47	13	4.89	7.74
48	13	4.99	7.27
49	13	5.09	6.80
50	13	5.19	6.34
51	13	5.28	5.88
52	13	5.38	5.41
53	13	5.47	4.95
54	13	5.56	4.48
55	13	5.61	3.95
56	13	5.65	3.43
57	13	5.69	2.90
58	13	5.77	2.38
59	13	5.93	1.91
60	13	6.09	1.43
61	13	6.26	0.96
62	13	6.45	0.51
46	14	3.77	15.23
47	14	3.84	14.58
48	14	3.91	13.93
49	14	3.99	13.29
50	14	4.08	12.67
51	14	4.17	12.05
52	14	4.26	11.43
53	14	4.42	10.83
54	14	4.61	10.23
55	14	4.79	9.64
56	14	4.97	9.05
57	14	5.04	8.48
58	14	5.10	7.91
59	14	5.17	7.34
60	14	5.24	6.77
61	14	5.35	6.20
62	14	5.46	5.63
63	14	5.57	5.06
64	14	5.65	4.51
65	14	5.70	4.02
66	14	5.74	3.52
67	14	5.78	3.03
68	14	5.79	2.55
69	14	5.77	2.07
70	14	5.81	1.61
71	14	5.90	1.17
72	14	6.20	0.82
73	14	6.51	0.46
46	15	4.60	15.65
47	15	4.64	15.02
48	15	4.68	14.39
49	15	4.77	13.75
50	15	4.89	13.11
51	15	5.02	12.46
52	15	5.13	11.85
53	15	5.24	11.29
54	15	5.34	10.73
55	15	5.44	10.17
56	15	5.51	9.59
57	15	5.58	9.01
58	15	5.66	8.43
59	15	5.77	7.89
60	15	5.89	7.36
61	15	6.01	6.83
62	15	6.07	6.29
63	15	6.10	5.75
64	15	6.13	5.21
65	15	6.15	4.79
66	15	6.18	4.35
67	15	6.26	3.87
68	15	6.27	3.47
69	15	6.26	3.12
70	15	6.23	2.78
71	15	6.13	2.45
72	15	6.01	2.11
73	15	5.87	1.78
74	15	5.79	1.32
75	15	5.97	0.89
76	15	6.29	0.51
77	15	6.69	0.30
49	16	8.12	0.56
50	16	7.99	0.64
51	16	7.87	0.73
52	16	7.75	0.82
53	16	7.66	0.90
54	16	7.66	0.98
55	16	7.66	1.05
56	16	7.65	1.14
57	16	7.63	1.24
58	16	7.60	1.34
59	16	7.58	1.44
60	16	7.56	1.55
61	16	7.59	1.72
62	16	7.61	1.88
63	16	7.64	2.04
64	16	7.66	2.20
65	16	7.77	2.47
66	16	7.87	2.74
67	16	7.97	3.01
68	16	8.05	3.30
69	16	8.10	3.60
70	16	8.14	3.90
71	16	8.18	4.21
72	16	8.17	4.51
73	16	8.16	4.81
74	16	8.15	5.11
75	16	8.12	5.44
76	16	8.08	5.77
77	16	8.04	6.10
78	16	8.01	6.41
79	16	7.97	6.70
80	16	7.94	6.98
81	16	7.90	7.27
82	16	7.74	7.61
83	16	7.56	7.96
84	16	7.39	8.31
85	16	7.20	8.67
86	16	7.00	9.04
87	16	6.80	9.41
88	16	6.60	9.78
89	16	6.48	10.12
90	16	6.35	10.46
91	16	6.23	10.81
92	16	6.10	11.16
93	16	5.96	11.55
94	16	5.82	11.95
95	16	5.67	12.34
96	16	5.55	12.71
97	16	5.47	13.04
98	16	5.38	13.38
99	16	5.30	13.72
100	16	5.24	14.05
101	16	5.20	14.38
102	16	5.15	14.72
103	16	5.11	15.05
104	16	5.06	15.39
52	17	7.26	0.48
53	17	7.14	0.77
54	17	7.01	1.06
55	17	7.01	1.29
56	17	7.08	1.50
57	17	7.16	1.70
58	17	7.25	1.86
59	17	7.34	2.01
60	17	7.44	2.16
61	17	7.46	2.28
62	17	7.47	2.40
63	17	7.47	2.52
64	17	7.48	2.63
65	17	7.51	2.84
66	17	7.54	3.06
67	17	7.57	3.28
68	17	7.61	3.49
69	17	7.64	3.69
70	17	7.67	3.89
71	17	7.71	4.09
72	17	7.64	4.38
73	17	7.55	4.70
74	17	7.46	5.02
75	17	7.43	5.33
76	17	7.44	5.64
77	17	7.45	5.96
78	17	7.45	6.27
79	17	7.41	6.59
80	17	7.38	6.90
81	17	7.34	7.22
82	17	7.22	7.51
83	17	7.09	7.80
84	17	6.97	8.09
85	17	6.83	8.40
86	17	6.68	8.74
87	17	6.53	9.07
88	17	6.38	9.41
89	17	6.22	9.74
90	17	6.05	10.07
91	17	5.88	10.41
92	17	5.72	10.74
93	17	5.58	11.06
94	17	5.44	11.39
95	17	5.31	11.71
96	17	5.17	12.03
97	17	5.03	12.41
98	17	4.90	12.83
99	17	4.76	13.25
100	17	4.62	13.66
101	17	4.55	14.02
102	17	4.52	14.35
103	17	4.49	14.68
104	17	4.46	15.01
105	17	4.44	15.34
59	18	7.61	0.69
60	18	7.43	0.74
61	18	7.22	0.93
62	18	7.01	1.21
63	18	6.88	1.61
64	18	6.80	1.94
65	18	6.76	2.22
66	18	6.73	2.51
67	18	6.73	2.83
68	18	6.68	3.10
69	18	6.57	3.33
70	18	6.51	3.44
71	18	6.49	3.42
72	18	6.46	3.40
73	18	6.44	3.38
74	18	6.42	3.36
75	18	5.99	3.13
76	18	5.52	2.87
77	18	5.05	2.62
78	18	4.60	2.36
79	18	4.15	2.10
80	18	3.68	1.86
81	18	3.21	1.62
82	18	2.74	1.39
83	18	2.32	1.22
84	18	1.90	1.04
85	18	1.49	0.87
86	18	1.20	0.72
87	18	1.03	0.59
88	18	0.87	0.47
89	18	0.71	0.34
90	18	0.59	0.26
91	18	0.47	0.17
92	18	0.36	0.09
93	18	0.24	0.00
61	19	9.27	0.62
62	19	9.04	0.69
63	19	8.82	0.76
64	19	8.60	0.83
65	19	8.38	1.00
66	19	8.16	1.27
67	19	7.94	1.53
68	19	7.75	1.83
69	19	7.69	2.25
70	19	7.62	2.67
71	19	7.63	3.02
72	19	7.65	3.35
73	19	7.65	3.67
74	19	7.60	3.96
75	19	7.55	4.24
76	19	7.50	4.53
77	19	7.49	4.86
78	19	7.49	5.21
79	19	7.50	5.55
80	19	7.51	5.89
81	19	7.55	6.16
82	19	7.59	6.44
83	19	7.60	6.71
84	19	7.55	6.96
85	19	7.50	7.20
86	19	7.44	7.48
87	19	7.37	7.77
88	19	7.29	8.06
89	19	7.22	8.35
90	19	7.20	8.72
91	19	7.18	9.09
92	19	7.14	9.44
93	19	7.06	9.73
94	19	6.98	10.03
95	19	6.88	10.34
96	19	6.74	10.71
97	19	6.60	11.07
98	19	6.45	11.44
99	19	6.21	11.83
100	19	5.98	12.22
101	19	5.77	12.63
102	19	5.63	13.07
103	19	5.49	13.51
104	19	5.35	13.95
105	19	5.33	14.44
106	19	5.31	14.92
107	19	5.29	15.41
64	20	7.04	0.70
65	20	6.86	0.97
66	20	6.68	1.25
67	20	6.38	1.36
68	20	6.08	1.48
69	20	6.10	1.52
70	20	6.12	1.57
71	20	6.14	1.61
72	20	6.16	1.66
73	20	6.19	1.70
74	20	6.21	1.74
75	20	5.98	1.74
76	20	5.62	1.69
77	20	5.19	1.61
78	20	4.78	1.47
79	20	4.37	1.25
80	20	3.97	1.02
81	20	3.57	0.76
82	20	3.18	0.49
83	20	2.78	0.22
86	21	12.13	14.87
87	21	11.63	14.79
88	21	11.13	14.72
89	21	10.68	14.60
90	21	10.28	14.43
91	21	9.88	14.26
92	21	9.49	14.06
93	21	9.13	13.83
94	21	8.77	13.60
95	21	8.38	13.36
96	21	7.98	13.11
97	21	7.58	12.86
98	21	7.22	12.55
99	21	6.95	12.10
100	21	6.70	11.61
101	21	6.55	10.99
102	21	6.41	10.37
103	21	6.31	9.76
104	21	6.23	9.15
105	21	6.14	8.54
106	21	6.04	7.93
107	21	5.93	7.33
108	21	5.83	6.72
109	21	5.76	6.10
110	21	5.71	5.47
111	21	5.66	4.84
112	21	5.61	4.22
113	21	5.62	3.59
114	21	5.63	2.97
115	21	5.64	2.35
116	21	5.72	1.81
117	21	5.81	1.26
118	21	5.89	0.72
85	22	9.74	0.73
86	22	9.49	0.83
87	22	9.24	0.93
88	22	9.00	1.03
89	22	8.75	1.14
90	22	8.43	1.33
91	22	8.06	1.59
92	22	7.70	1.85
93	22	7.59	2.22
94	22	7.50	2.60
95	22	7.43	2.99
96	22	7.44	3.37
97	22	7.44	3.76
98	22	7.45	4.15
99	22	7.44	4.62
100	22	7.43	5.12
101	22	7.41	5.63
102	22	7.36	6.10
103	22	7.28	6.57
104	22	7.20	7.03
105	22	7.12	7.49
106	22	6.98	7.97
107	22	6.85	8.44
108	22	6.72	8.91
109	22	6.62	9.41
110	22	6.53	9.90
111	22	6.43	10.40
112	22	6.32	10.92
113	22	6.21	11.44
114	22	6.10	11.94
115	22	5.99	12.44
116	22	5.87	12.95
117	22	5.73	13.48
118	22	5.59	14.01
119	22	5.46	14.54
120	22	5.32	15.07
108	23	7.42	15.56
109	23	7.28	15.08
110	23	7.13	14.59
111	23	7.10	14.05
112	23	7.08	13.50
113	23	7.05	12.96
114	23	6.90	12.49
115	23	6.76	12.03
116	23	6.61	11.56
117	23	6.53	11.08
118	23	6.45	10.60
119	23	6.37	10.12
120	23	6.27	9.63
121	23	6.11	9.12
122	23	5.95	8.61
123	23	5.79	8.10
124	23	5.59	7.62
125	23	5.39	7.15
126	23	5.24	6.68
127	23	5.20	6.22
128	23	5.17	5.76
129	23	5.13	5.30
130	23	5.10	4.82
131	23	5.07	4.32
132	23	5.05	3.81
133	23	5.02	3.31
134	23	4.97	2.85
135	23	4.91	2.40
136	23	4.85	1.94
137	23	4.78	1.46
138	23	4.71	0.90
139	23	4.63	0.35
110	24	3.41	15.28
111	24	3.42	14.71
112	24	3.43	14.13
113	24	3.39	13.57
114	24	3.31	13.02
115	24	3.23	12.47
116	24	3.14	11.92
117	24	3.16	11.38
118	24	3.21	10.85
119	24	3.26	10.32
120	24	3.31	9.79
121	24	3.35	9.26
122	24	3.39	8.74
123	24	3.43	8.21
124	24	3.47	7.69
125	24	3.49	7.19
126	24	3.50	6.70
127	24	3.52	6.20
128	24	3.53	5.71
129	24	3.53	5.22
130	24	3.53	4.71
131	24	3.52	4.21
132	24	3.51	3.71
133	24	3.51	3.20
134	24	3.46	2.66
135	24	3.42	2.11
136	24	3.38	1.56
137	24	3.33	1.01
138	24	3.29	0.47
110	25	3.98	15.60
111	25	4.00	14.98
112	25	4.03	14.35
113	25	4.05	13.72
114	25	4.11	13.15
115	25	4.17	12.57
116	25	4.22	11.99
117	25	4.27	11.43
118	25	4.31	10.90
119	25	4.34	10.38
120	25	4.38	9.85
121	25	4.41	9.33
122	25	4.44	8.82
123	25	4.46	8.31
124	25	4.49	7.80
125	25	4.51	7.29
126	25	4.50	6.80
127	25	4.48	6.31
128	25	4.45	5.82
129	25	4.42	5.34
130	25	4.39	4.85
131	25	4.38	4.37
132	25	4.37	3.89
133	25	4.36	3.41
134	25	4.35	2.93
135	25	4.32	2.44
136	25	4.24	1.92
137	25	4.16	1.40
138	25	4.08	0.88
139	25	4.00	0.35
116	26	3.82	0.53
117	26	3.98	1.15
118	26	4.14	1.78
119	26	4.36	2.36
120	26	4.61	2.94
121	26	4.81	3.54
122	26	4.98	4.18
123	26	5.18	4.78
124	26	5.40	5.34
125	26	5.62	5.91
126	26	5.70	6.47
127	26	5.78	7.03
128	26	5.79	7.58
129	26	5.79	8.13
130	26	5.78	8.67
131	26	5.63	9.19
132	26	5.48	9.71
133	26	5.33	10.24
134	26	5.09	10.78
135	26	4.84	11.33
136	26	4.61	11.88
137	26	4.42	12.50
138	26	4.23	13.11
139	26	4.12	13.75
140	26	4.05	14.40
141	26	3.97	15.06
131	27	7.66	15.38
132	27	7.52	14.80
133	27	7.38	14.22
134	27	7.22	13.62
135	27	7.06	13.00
136	27	6.91	12.32
137	27	6.79	11.65
138	27	6.73	11.00
139	27	6.68	10.35
140	27	6.74	9.74
141	27	6.80	9.12
142	27	6.86	8.51
143	27	6.90	7.83
144	27	6.94	7.15
145	27	6.98	6.47
146	27	7.04	5.83
147	27	7.10	5.21
148	27	7.17	4.59
149	27	7.29	3.99
150	27	7.44	3.40
151	27	7.60	2.81
152	27	7.81	2.28
153	27	8.13	1.82
154	27	8.46	1.46
155	27	8.82	1.19
156	27	9.18	0.92
157	27	9.52	0.73
158	27	9.86	0.59
156	28	5.55	0.83
157	28	5.54	1.36
158	28	5.52	1.88
159	28	5.49	2.39
160	28	5.45	2.90
161	28	5.43	3.41
162	28	5.45	3.95
163	28	5.46	4.49
164	28	5.48	5.02
165	28	5.47	5.55
166	28	5.45	6.08
167	28	5.43	6.61
168	28	5.44	7.12
169	28	5.46	7.63
170	28	5.48	8.14
171	28	5.46	8.67
172	28	5.43	9.20
173	28	5.41	9.74
174	28	5.38	10.28
175	28	5.25	10.86
176	28	5.12	11.44
177	28	4.98	12.02
178	28	4.87	12.59
179	28	4.78	13.17
180	28	4.69	13.74
181	28	4.60	14.31
182	28	4.50	14.87
183	28	4.39	15.42
156	29	6.45	0.85
157	29	6.41	1.35
158	29	6.37	1.86
159	29	6.34	2.37
160	29	6.33	2.90
161	29	6.32	3.42
162	29	6.32	3.94
163	29	6.31	4.47
164	29	6.29	5.00
165	29	6.27	5.54
166	29	6.25	6.07
167	29	6.24	6.61
168	29	6.26	7.15
169	29	6.27	7.68
170	29	6.29	8.22
171	29	6.25	8.74
172	29	6.21	9.26
173	29	6.16	9.78
174	29	6.11	10.31
175	29	6.02	10.89
176	29	5.93	11.48
177	29	5.83	12.06
178	29	5.74	12.65
179	29	5.66	13.23
180	29	5.58	13.82
181	29	5.49	14.40
182	29	5.41	14.99
183	29	5.33	15.57
157	30	5.19	14.93
158	30	5.18	14.24
159	30	5.21	13.59
160	30	5.28	12.96
161	30	5.35	12.33
162	30	5.36	11.69
163	30	5.37	11.06
164	30	5.33	10.43
165	30	5.25	9.79
166	30	5.16	9.16
167	30	5.08	8.54
168	30	5.01	7.93
169	30	5.01	7.38
170	30	5.03	6.79
171	30	5.05	6.18
172	30	5.01	5.60
173	30	4.88	5.08
174	30	4.74	4.55
175	30	4.69	4.00
176	30	4.64	3.45
177	30	4.60	2.89
178	30	4.64	2.30
179	30	4.67	1.71
180	30	4.71	1.12
181	30	4.74	0.53
157	31	4.35	15.17
158	31	4.43	14.49
159	31	4.51	13.80
160	31	4.55	13.13
161	31	4.55	12.47
162	31	4.55	11.82
163	31	4.52	11.17
164	31	4.49	10.53
165	31	4.47	9.90
166	31	4.46	9.30
167	31	4.45	8.71
168	31	4.36	8.12
169	31	4.26	7.54
170	31	4.13	6.97
171	31	3.98	6.40
172	31	3.84	5.84
173	31	3.77	5.25
174	31	3.72	4.66
175	31	3.71	4.05
176	31	3.75	3.42
177	31	3.78	2.79
178	31	3.79	2.18
179	31	3.78	1.57
180	31	3.78	0.97
167	32	4.64	0.70
168	32	4.67	1.21
169	32	4.70	1.73
170	32	4.73	2.23
171	32	4.77	2.73
172	32	4.80	3.23
173	32	5.00	3.63
174	32	5.23	4.00
175	32	5.40	4.39
176	32	5.55	4.78
177	32	5.56	5.11
178	32	5.56	5.44
179	32	5.56	5.71
180	32	5.58	5.75
181	32	5.59	5.78
182	32	5.61	5.82
183	32	5.63	5.85
184	32	5.64	5.89
185	32	5.66	5.92
186	32	5.67	5.96
187	32	5.69	6.00
188	32	5.70	6.03
189	32	5.72	6.09
190	32	5.77	6.23
191	32	5.81	6.38
192	32	5.83	6.45
193	32	5.85	6.50
194	32	5.87	6.55
195	32	5.88	6.60
196	32	5.90	6.65
197	32	5.92	6.70
198	32	5.84	6.87
199	32	5.72	7.09
200	32	5.60	7.31
201	32	5.51	7.68
202	32	5.42	8.08
203	32	5.33	8.47
204	32	5.23	8.93
205	32	5.13	9.39
206	32	5.05	9.85
207	32	5.00	10.30
208	32	4.95	10.76
209	32	4.91	11.22
210	32	4.90	11.69
211	32	4.89	12.16
212	32	4.82	12.69
213	32	4.73	13.23
214	32	4.64	13.77
215	32	4.55	14.31
216	32	4.46	14.85
217	32	4.37	15.39
167	33	5.51	0.65
168	33	5.52	1.14
169	33	5.53	1.63
170	33	5.57	2.14
171	33	5.61	2.64
172	33	5.67	3.14
173	33	5.85	3.60
174	33	6.04	4.06
175	33	6.13	4.53
176	33	6.22	5.00
177	33	6.30	5.33
178	33	6.37	5.51
179	33	6.44	5.68
180	33	6.45	5.69
181	33	6.46	5.70
182	33	6.46	5.71
183	33	6.47	5.73
184	33	6.47	5.74
185	33	6.48	5.75
186	33	6.49	5.76
187	33	6.49	5.77
188	33	6.50	5.78
189	33	6.50	5.79
190	33	6.51	5.81
191	33	6.52	5.82
192	33	6.52	5.83
193	33	6.53	5.84
194	33	6.53	5.85
195	33	6.54	5.86
196	33	6.55	5.88
197	33	6.54	6.11
198	33	6.53	6.37
199	33	6.46	6.71
200	33	6.33	7.13
201	33	6.21	7.55
202	33	6.17	8.01
203	33	6.13	8.47
204	33	6.09	8.92
205	33	6.05	9.38
206	33	6.00	9.83
207	33	5.95	10.28
208	33	5.90	10.73
209	33	5.83	11.18
210	33	5.74	11.61
211	33	5.64	12.04
212	33	5.57	12.49
213	33	5.52	13.00
214	33	5.47	13.50
215	33	5.42	14.01
216	33	5.38	14.51
217	33	5.33	15.02
218	33	5.28	15.52
182	34	7.89	0.49
183	34	7.78	0.68
184	34	7.67	0.87
185	34	7.54	1.06
186	34	7.37	1.26
187	34	7.20	1.46
188	34	7.02	1.65
189	34	6.95	1.82
190	34	6.89	1.98
191	34	6.84	2.14
192	34	6.79	2.30
193	34	6.76	2.51
194	34	6.74	2.73
195	34	6.72	2.95
196	34	6.70	3.18
197	34	6.77	3.36
198	34	6.85	3.54
199	34	6.92	3.73
200	34	7.00	3.91
201	34	7.05	3.98
202	34	7.09	4.02
203	34	7.14	4.07
204	34	7.18	4.11
205	34	7.23	4.15
206	34	7.27	4.19
207	34	7.30	4.35
208	34	7.31	4.67
209	34	7.32	4.99
210	34	7.32	5.31
211	34	7.27	5.70
212	34	7.21	6.08
213	34	7.16	6.47
214	34	7.10	6.86
215	34	6.99	7.20
216	34	6.89	7.54
217	34	6.78	7.88
218	34	6.67	8.22
219	34	6.57	8.56
220	34	6.48	8.90
221	34	6.38	9.24
222	34	6.29	9.58
223	34	6.20	9.91
224	34	6.16	10.19
225	34	6.13	10.47
226	34	6.09	10.76
227	34	6.05	11.04
228	34	6.02	11.33
229	34	5.98	11.61
230	34	5.91	11.87
231	34	5.84	12.12
232	34	5.77	12.38
233	34	5.70	12.64
234	34	5.63	12.89
235	34	5.55	13.21
236	34	5.48	13.55
237	34	5.41	13.89
238	34	5.33	14.22
239	34	5.26	14.56
240	34	5.18	14.90
241	34	5.11	15.23
186	35	6.40	0.61
187	35	6.30	0.82
188	35	6.19	1.03
189	35	6.08	1.24
190	35	6.03	1.47
191	35	6.04	1.71
192	35	6.05	1.95
193	35	6.06	2.14
194	35	6.07	2.30
195	35	6.07	2.46
196	35	6.09	2.63
197	35	6.14	2.85
198	35	6.19	3.07
199	35	6.23	3.29
200	35	6.29	3.46
201	35	6.35	3.64
202	35	6.41	3.81
203	35	6.47	3.99
204	35	6.48	4.10
205	35	6.50	4.22
206	35	6.51	4.33
207	35	6.50	4.53
208	35	6.46	4.84
209	35	6.42	5.16
210	35	6.38	5.48
211	35	6.33	5.79
212	35	6.24	6.12
213	35	6.15	6.45
214	35	6.06	6.77
215	35	5.97	7.09
216	35	5.85	7.39
217	35	5.74	7.70
218	35	5.63	8.00
219	35	5.52	8.30
220	35	5.40	8.61
221	35	5.29	8.91
222	35	5.18	9.22
223	35	5.07	9.53
224	35	4.97	9.88
225	35	4.87	10.24
226	35	4.77	10.61
227	35	4.67	10.97
228	35	4.57	11.33
229	35	4.58	11.65
230	35	4.58	11.97
231	35	4.59	12.29
232	35	4.59	12.62
233	35	4.59	12.94
234	35	4.60	13.26
235	35	4.57	13.57
236	35	4.49	13.86
237	35	4.40	14.15
238	35	4.31	14.44
239	35	4.23	14.73
240	35	4.14	15.01
241	35	4.05	15.30
203	36	5.97	0.62
204	36	5.74	1.37
205	36	5.55	2.10
206	36	5.42	2.79
207	36	5.30	3.48
208	36	5.20	4.17
209	36	5.11	4.87
210	36	5.02	5.59
211	36	4.93	6.33
212	36	4.85	7.07
213	36	4.76	7.83
214	36	4.67	8.59
215	36	4.57	9.35
216	36	4.48	10.15
217	36	4.39	10.95
218	36	4.28	11.75
219	36	4.13	12.57
220	36	3.98	13.39
221	36	3.83	14.21
222	36	3.67	15.02
208	37	5.38	15.32
209	37	5.64	14.64
210	37	5.84	14.03
211	37	6.03	13.44
212	37	6.22	12.84
213	37	6.41	12.24
214	37	6.56	11.64
215	37	6.66	11.03
216	37	6.78	10.43
217	37	6.97	9.85
218	37	7.16	9.27
219	37	7.27	8.67
220	37	7.37	8.07
221	37	7.46	7.47
222	37	7.52	6.88
223	37	7.58	6.30
224	37	7.63	5.72
225	37	7.71	5.10
226	37	7.79	4.48
227	37	7.86	3.86
228	37	7.98	3.31
229	37	8.11	2.80
230	37	8.24	2.29
231	37	8.38	1.84
232	37	8.52	1.46
233	37	8.66	1.09
234	37	8.86	1.02
235	37	9.07	0.99
236	37	9.27	0.96
237	37	9.48	0.92
238	37	9.69	0.89
239	37	9.90	0.86
253	38	5.18	15.07
254	38	5.24	14.56
255	38	5.30	14.06
256	38	5.33	13.48
257	38	5.35	12.90
258	38	5.38	12.32
259	38	5.40	11.74
260	38	5.42	11.21
261	38	5.44	10.68
262	38	5.46	10.15
263	38	5.48	9.62
264	38	5.49	9.08
265	38	5.50	8.53
266	38	5.52	7.98
267	38	5.53	7.43
268	38	5.48	6.88
269	38	5.36	6.34
270	38	5.24	5.79
271	38	5.13	5.24
272	38	4.98	4.70
273	38	4.81	4.17
274	38	4.66	3.63
275	38	4.57	3.08
276	38	4.47	2.53
277	38	4.38	1.98
278	38	4.31	1.40
279	38	4.24	0.82
253	39	5.72	15.34
254	39	5.79	14.83
255	39	5.87	14.31
256	39	5.95	13.72
257	39	6.04	13.09
258	39	6.14	12.46
259	39	6.22	11.84
260	39	6.26	11.31
261	39	6.30	10.77
262	39	6.35	10.24
263	39	6.39	9.71
264	39	6.38	9.19
265	39	6.38	8.68
266	39	6.37	8.16
267	39	6.37	7.65
268	39	6.39	7.15
269	39	6.42	6.65
270	39	6.45	6.16
271	39	6.42	5.64
272	39	6.24	5.07
273	39	6.06	4.51
274	39	5.88	3.94
275	39	5.72	3.38
276	39	5.56	2.83
277	39	5.41	2.28
278	39	5.30	1.72
279	39	5.21	1.16
280	39	5.11	0.59
288	40	4.48	15.09
289	40	4.55	14.57
290	40	4.63	14.05
291	40	4.70	13.58
292	40	4.77	13.11
293	40	4.84	12.64
294	40	4.89	12.13
295	40	4.94	11.60
296	40	4.99	11.07
297	40	5.04	10.54
298	40	5.13	10.08
299	40	5.22	9.61
300	40	5.32	9.15
301	40	5.40	8.68
302	40	5.49	8.21
303	40	5.57	7.74
304	40	5.66	7.27
305	40	5.71	6.82
306	40	5.73	6.38
307	40	5.76	5.95
308	40	5.79	5.52
309	40	5.87	5.11
310	40	5.95	4.70
311	40	6.03	4.29
312	40	6.11	3.88
313	40	6.22	3.48
314	40	6.37	3.12
315	40	6.52	2.75
316	40	6.66	2.38
317	40	6.84	2.00
318	40	7.07	1.60
319	40	7.29	1.20
320	40	7.51	0.80
321	40	7.77	0.57
322	40	8.03	0.35
288	41	4.87	15.62
289	41	4.94	15.15
290	41	5.02	14.68
291	41	5.10	14.22
292	41	5.21	13.73
293	41	5.31	13.24
294	41	5.42	12.75
295	41	5.49	12.30
296	41	5.57	11.86
297	41	5.64	11.42
298	41	5.71	10.98
299	41	5.68	10.53
300	41	5.65	10.07
301	41	5.61	9.62
302	41	5.60	9.18
303	41	5.67	8.77
304	41	5.75	8.35
305	41	5.82	7.94
306	41	5.88	7.51
307	41	5.92	7.08
308	41	5.97	6.64
309	41	6.02	6.20
310	41	6.10	5.77
311	41	6.18	5.34
312	41	6.26	4.91
313	41	6.34	4.50
314	41	6.43	4.11
315	41	6.52	3.73
316	41	6.61	3.34
317	41	6.70	2.97
318	41	6.81	2.62
319	41	6.92	2.27
320	41	7.03	1.91
321	41	7.19	1.57
322	41	7.37	1.23
323	41	7.56	0.89
324	41	7.74	0.55
294	42	6.48	0.69
295	42	6.45	1.25
296	42	6.43	1.81
297	42	6.43	2.35
298	42	6.47	2.87
299	42	6.50	3.38
300	42	6.52	3.89
301	42	6.53	4.39
302	42	6.54	4.88
303	42	6.54	5.37
304	42	6.55	5.88
305	42	6.56	6.40
306	42	6.56	6.92
307	42	6.57	7.44
308	42	6.57	7.95
309	42	6.56	8.46
310	42	6.55	8.98
311	42	6.55	9.49
312	42	6.49	9.98
313	42	6.42	10.47
314	42	6.36	10.96
315	42	6.29	11.45
316	42	6.20	12.02
317	42	6.11	12.59
318	42	6.01	13.16
319	42	5.94	13.68
320	42	5.88	14.19
321	42	5.77	14.71
322	42	5.62	15.23
303	43	5.24	15.34
304	43	5.30	14.64
305	43	5.35	13.95
306	43	5.34	13.28
307	43	5.25	12.63
308	43	5.16	11.97
309	43	5.14	11.29
310	43	5.17	10.59
311	43	5.21	9.89
312	43	5.32	9.21
313	43	5.47	8.55
314	43	5.62	7.88
315	43	5.72	7.21
316	43	5.79	6.53
317	43	5.86	5.85
318	43	5.91	5.16
319	43	5.96	4.48
320	43	6.00	3.80
321	43	6.03	3.11
322	43	6.02	2.42
323	43	6.01	1.72
324	43	6.01	1.03
325	43	6.00	0.33
304	44	5.53	0.49
305	44	5.50	0.98
306	44	5.48	1.48
307	44	5.44	1.98
308	44	5.38	2.52
309	44	5.33	3.06
310	44	5.27	3.59
311	44	5.21	4.14
312	44	5.15	4.70
313	44	5.09	5.25
314	44	5.05	5.78
315	44	5.02	6.29
316	44	4.99	6.80
317	44	4.97	7.32
318	44	4.93	7.87
319	44	4.90	8.42
320	44	4.86	8.98
321	44	4.81	9.53
322	44	4.70	10.04
323	44	4.59	10.55
324	44	4.48	11.07
325	44	4.36	11.62
326	44	4.24	12.17
327	44	4.13	12.72
328	44	4.15	13.26
329	44	4.17	13.80
330	44	4.19	14.35
331	44	4.21	14.89
332	44	4.23	15.43
305	45	4.66	0.83
306	45	4.54	1.40
307	45	4.44	1.96
308	45	4.42	2.46
309	45	4.40	2.96
310	45	4.37	3.46
311	45	4.33	3.99
312	45	4.27	4.54
313	45	4.21	5.09
314	45	4.15	5.63
315	45	4.13	6.18
316	45	4.12	6.72
317	45	4.12	7.26
318	45	4.11	7.80
319	45	4.04	8.32
320	45	3.90	8.81
321	45	3.77	9.30
322	45	3.63	9.79
323	45	3.50	10.29
324	45	3.44	10.84
325	45	3.38	11.39
326	45	3.32	11.94
327	45	3.29	12.51
328	45	3.28	13.09
329	45	3.26	13.67
330	45	3.27	14.23
331	45	3.34	14.78
332	45	3.40	15.33
313	46	4.59	0.69
314	46	4.64	1.26
315	46	4.68	1.82
316	46	4.75	2.37
317	46	4.82	2.90
318	46	4.90	3.42
319	46	4.93	3.93
320	46	4.93	4.43
321	46	4.92	4.92
322	46	4.91	5.42
323	46	4.87	5.95
324	46	4.79	6.51
325	46	4.72	7.07
326	46	4.65	7.62
327	46	4.63	8.13
328	46	4.61	8.63
329	46	4.59	9.14
330	46	4.57	9.65
331	46	4.57	10.20
332	46	4.56	10.75
333	46	4.55	11.30
334	46	4.55	11.85
335	46	4.56	12.41
336	46	4.57	12.96
337	46	4.57	13.51
338	46	4.58	14.07
339	46	4.59	14.62
340	46	4.59	15.18
313	47	3.80	0.57
314	47	3.87	1.02
315	47	3.94	1.47
316	47	4.00	1.92
317	47	4.00	2.42
318	47	4.00	2.92
319	47	4.00	3.43
320	47	4.00	3.93
321	47	3.98	4.46
322	47	3.96	4.99
323	47	3.94	5.52
324	47	3.92	6.05
325	47	3.88	6.60
326	47	3.85	7.16
327	47	3.82	7.71
328	47	3.80	8.26
329	47	3.80	8.79
330	47	3.81	9.32
331	47	3.82	9.85
332	47	3.82	10.38
333	47	3.84	10.90
334	47	3.85	11.41
335	47	3.87	11.92
336	47	3.88	12.43
337	47	3.90	12.94
338	47	3.87	13.43
339	47	3.84	13.92
340	47	3.81	14.41
341	47	3.78	14.90
342	47	3.76	15.39
319	48	3.98	0.42
320	48	3.93	0.93
321	48	3.88	1.45
322	48	3.85	1.96
323	48	3.84	2.43
324	48	3.83	2.91
325	48	3.82	3.38
326	48	3.81	3.88
327	48	3.80	4.38
328	48	3.79	4.88
329	48	3.77	5.39
330	48	3.77	5.88
331	48	3.77	6.37
332	48	3.77	6.86
333	48	3.77	7.36
334	48	3.78	7.90
335	48	3.80	8.44
336	48	3.81	8.98
337	48	3.82	9.52
338	48	3.82	10.08
339	48	3.82	10.63
340	48	3.82	11.19
341	48	3.81	11.74
342	48	3.77	12.27
343	48	3.72	12.80
344	48	3.68	13.33
345	48	3.63	13.86
346	48	3.60	14.40
347	48	3.57	14.94
348	48	3.54	15.49
321	49	4.14	15.33
322	49	4.25	14.75
323	49	4.36	14.17
324	49	4.49	13.59
325	49	4.64	13.00
326	49	4.78	12.41
327	49	4.93	11.85
328	49	5.08	11.35
329	49	5.22	10.84
330	49	5.37	10.34
331	49	5.43	9.83
332	49	5.38	9.33
333	49	5.33	8.83
334	49	5.28	8.33
335	49	5.29	7.81
336	49	5.37	7.28
337	49	5.45	6.75
338	49	5.53	6.22
339	49	5.66	5.76
340	49	5.78	5.29
341	49	5.92	4.80
342	49	6.07	4.28
343	49	6.22	3.75
344	49	6.36	3.23
345	49	6.53	2.75
346	49	6.70	2.28
347	49	6.87	1.80
348	49	7.04	1.33
349	49	7.32	0.96
350	49	7.61	0.60
321	50	5.10	15.51
322	50	5.27	14.93
323	50	5.43	14.34
324	50	5.51	13.81
325	50	5.58	13.28
326	50	5.68	12.75
327	50	5.80	12.25
328	50	5.93	11.74
329	50	6.05	11.24
330	50	6.14	10.71
331	50	6.20	10.17
332	50	6.26	9.63
333	50	6.31	9.09
334	50	6.37	8.55
335	50	6.41	8.05
336	50	6.46	7.56
337	50	6.51	7.06
338	50	6.55	6.56
339	50	6.63	6.05
340	50	6.71	5.55
341	50	6.79	5.04
342	50	6.83	4.58
343	50	6.87	4.14
344	50	6.91	3.69
345	50	6.98	3.25
346	50	7.17	2.81
347	50	7.37	2.37
348	50	7.56	1.94
349	50	7.76	1.59
350	50	7.95	1.26
351	50	8.15	0.93
334	51	3.77	0.55
335	51	3.76	1.17
336	51	3.75	1.78
337	51	3.71	2.34
338	51	3.67	2.87
339	51	3.63	3.41
340	51	3.59	3.96
341	51	3.53	4.52
342	51	3.47	5.09
343	51	3.42	5.65
344	51	3.39	6.26
345	51	3.36	6.87
346	51	3.34	7.49
347	51	3.32	8.10
348	51	3.31	8.71
349	51	3.29	9.32
350	51	3.28	9.93
351	51	3.25	10.57
352	51	3.23	11.21
353	51	3.20	11.85
354	51	3.17	12.50
355	51	3.15	13.14
356	51	3.12	13.78
357	51	3.09	14.43
358	51	3.06	15.07
338	52	4.62	0.72
339	52	4.58	1.30
340	52	4.53	1.87
341	52	4.48	2.44
342	52	4.42	3.01
343	52	4.37	3.58
344	52	4.33	4.19
345	52	4.29	4.80
346	52	4.25	5.41
347	52	4.21	6.02
348	52	4.22	6.66
349	52	4.24	7.29
350	52	4.25	7.93
351	52	4.24	8.59
352	52	4.20	9.27
353	52	4.16	9.96
354	52	4.12	10.64
355	52	4.06	11.28
356	52	4.01	11.91
357	52	3.96	12.54
358	52	3.87	13.18
359	52	3.74	13.83
360	52	3.61	14.49
361	52	3.47	15.14
337	53	7.63	0.55
338	53	7.51	1.05
339	53	7.40	1.54
340	53	7.37	2.10
341	53	7.36	2.68
342	53	7.34	3.24
343	53	7.31	3.77
344	53	7.28	4.30
345	53	7.22	4.84
346	53	6.99	5.40
347	53	6.76	5.96
348	53	6.55	6.53
349	53	6.36	7.12
350	53	6.17	7.71
351	53	5.98	8.30
352	53	5.89	8.89
353	53	5.80	9.49
354	53	5.71	10.08
355	53	5.53	10.66
356	53	5.32	11.24
357	53	5.12	11.83
358	53	4.91	12.40
359	53	4.69	12.97
360	53	4.48	13.53
361	53	4.24	14.17
362	53	4.00	14.86
363	53	3.82	15.45
358	54	4.62	15.41
359	54	4.75	15.14
360	54	4.87	14.93
361	54	4.99	14.87
362	54	5.10	14.81
363	54	5.20	14.70
364	54	5.24	14.34
365	54	5.27	13.98
366	54	5.26	13.51
367	54	5.24	13.01
368	54	5.23	12.48
369	54	5.25	11.92
370	54	5.27	11.35
371	54	5.26	10.83
372	54	5.23	10.35
373	54	5.21	9.88
374	54	5.18	9.41
375	54	5.20	8.94
376	54	5.24	8.48
377	54	5.27	8.01
378	54	5.33	7.56
379	54	5.42	7.12
380	54	5.50	6.69
381	54	5.59	6.25
382	54	5.67	5.81
383	54	5.70	5.31
384	54	5.73	4.81
385	54	5.76	4.32
386	54	5.70	3.83
387	54	5.62	3.35
388	54	5.54	2.86
389	54	5.43	2.39
390	54	5.31	1.91
391	54	5.19	1.44
392	54	5.07	0.97
393	54	4.95	0.50
359	55	5.14	15.55
360	55	4.96	15.45
361	55	4.77	15.35
362	55	4.59	15.18
363	55	4.43	14.76
364	55	4.26	14.34
365	55	4.30	13.79
366	55	4.35	13.23
367	55	4.38	12.71
368	55	4.40	12.20
369	55	4.43	11.70
370	55	4.44	11.19
371	55	4.44	10.68
372	55	4.44	10.16
373	55	4.44	9.64
374	55	4.49	9.17
375	55	4.53	8.70
376	55	4.57	8.22
377	55	4.59	7.76
378	55	4.60	7.31
379	55	4.62	6.85
380	55	4.63	6.39
381	55	4.65	5.93
382	55	4.73	5.47
383	55	4.83	5.01
384	55	4.94	4.55
385	55	4.88	4.07
386	55	4.82	3.58
387	55	4.76	3.09
388	55	4.63	2.58
389	55	4.50	2.07
390	55	4.38	1.56
391	55	4.28	1.02
392	55	4.19	0.47
359	56	9.08	0.63
360	56	8.71	0.77
361	56	8.35	0.90
362	56	8.00	1.09
363	56	7.76	1.52
364	56	7.52	1.95
365	56	7.35	2.40
366	56	7.24	2.88
367	56	7.14	3.36
368	56	7.08	3.81
369	56	7.04	4.27
370	56	7.00	4.72
371	56	6.95	5.21
372	56	6.87	5.72
373	56	6.80	6.24
374	56	6.70	6.73
375	56	6.51	7.18
376	56	6.32	7.63
377	56	6.15	8.08
378	56	6.10	8.62
379	56	6.04	9.15
380	56	5.99	9.69
381	56	5.92	10.23
382	56	5.84	10.78
383	56	5.77	11.33
384	56	5.69	11.87
385	56	5.62	12.41
386	56	5.55	12.94
387	56	5.48	13.47
388	56	5.38	14.03
389	56	5.26	14.59
390	56	5.14	15.16
366	57	7.10	0.46
367	57	6.70	0.89
368	57	6.30	1.31
369	57	5.93	1.76
370	57	5.73	2.31
371	57	5.52	2.86
372	57	5.22	3.37
373	57	4.89	3.86
374	57	4.58	4.36
375	57	4.35	4.85
376	57	4.11	5.35
377	57	3.90	5.87
378	57	3.80	6.49
379	57	3.70	7.11
380	57	3.77	7.70
381	57	3.93	8.29
382	57	4.09	8.87
383	57	4.23	9.46
384	57	4.37	10.06
385	57	4.51	10.65
386	57	4.62	11.13
387	57	4.74	11.60
388	57	4.85	12.06
389	57	4.85	12.61
390	57	4.85	13.17
391	57	4.84	13.73
392	57	4.78	14.28
393	57	4.62	14.79
394	57	4.46	15.29
363	58	5.40	15.47
364	58	5.60	15.08
365	58	5.80	14.65
366	58	5.98	14.09
367	58	6.17	13.53
368	58	6.28	13.02
369	58	6.36	12.51
370	58	6.44	12.00
371	58	6.53	11.59
372	58	6.62	11.17
373	58	6.72	10.77
374	58	6.86	10.41
375	58	7.00	10.05
376	58	7.15	9.67
377	58	7.30	9.23
378	58	7.45	8.79
379	58	7.59	8.34
380	58	7.60	7.80
381	58	7.62	7.27
382	58	7.64	6.74
383	58	7.63	6.20
384	58	7.62	5.67
385	58	7.61	5.14
386	58	7.64	4.63
387	58	7.66	4.13
388	58	7.69	3.63
389	58	7.71	3.13
390	58	7.59	2.61
391	58	7.46	2.09
392	58	7.34	1.57
393	58	7.22	1.04
394	58	7.09	0.52
365	59	5.01	15.60
366	59	5.22	15.08
367	59	5.44	14.57
368	59	5.65	14.06
369	59	5.76	13.52
370	59	5.82	12.98
371	59	5.87	12.46
372	59	5.91	11.96
373	59	5.95	11.46
374	59	6.05	11.02
375	59	6.14	10.57
376	59	6.34	10.13
377	59	6.61	9.69
378	59	6.88	9.25
379	59	6.91	8.75
380	59	6.91	8.25
381	59	6.91	7.75
382	59	6.91	7.26
383	59	6.90	6.78
384	59	6.89	6.29
385	59	6.89	5.81
386	59	6.86	5.33
387	59	6.82	4.84
388	59	6.79	4.35
389	59	6.75	3.86
390	59	6.71	3.37
391	59	6.66	2.86
392	59	6.60	2.36
393	59	6.55	1.85
394	59	6.43	1.33
395	59	6.31	0.82
376	60	4.67	0.54
377	60	4.64	1.00
378	60	4.61	1.47
379	60	4.60	1.93
380	60	4.60	2.38
381	60	4.60	2.83
382	60	4.60	3.29
383	60	4.58	3.75
384	60	4.56	4.21
385	60	4.55	4.67
386	60	4.60	5.15
387	60	4.64	5.63
388	60	4.69	6.11
389	60	4.75	6.58
390	60	4.80	7.05
391	60	4.86	7.52
392	60	4.92	8.02
393	60	4.99	8.52
394	60	5.05	9.02
395	60	5.10	9.53
396	60	5.11	10.07
397	60	5.12	10.60
398	60	5.14	11.14
399	60	5.16	11.66
400	60	5.18	12.17
401	60	5.21	12.68
402	60	5.24	13.19
403	60	5.26	13.70
404	60	5.29	14.21
405	60	5.31	14.72
406	60	5.34	15.23
377	61	4.08	0.76
378	61	4.05	1.25
379	61	4.01	1.73
380	61	3.98	2.18
381	61	3.94	2.62
382	61	3.91	3.07
383	61	3.87	3.51
384	61	3.87	3.98
385	61	3.86	4.45
386	61	3.85	4.92
387	61	3.85	5.40
388	61	3.92	5.86
389	61	3.99	6.33
390	61	4.06	6.79
391	61	4.13	7.26
392	61	4.20	7.73
393	61	4.23	8.24
394	61	4.25	8.76
395	61	4.27	9.29
396	61	4.29	9.81
397	61	4.31	10.33
398	61	4.33	10.87
399	61	4.34	11.41
400	61	4.35	11.94
401	61	4.36	12.48
402	61	4.38	13.01
403	61	4.41	13.54
404	61	4.44	14.07
405	61	4.47	14.59
406	61	4.50	15.12
377	62	3.43	0.78
378	62	3.45	1.24
379	62	3.48	1.69
380	62	3.40	2.17
381	62	3.31	2.64
382	62	3.22	3.12
383	62	3.22	3.59
384	62	3.22	4.06
385	62	3.24	4.54
386	62	3.31	5.08
387	62	3.39	5.61
388	62	3.46	6.14
389	62	3.54	6.64
390	62	3.61	7.09
391	62	3.68	7.54
392	62	3.75	7.99
393	62	3.77	8.49
394	62	3.77	9.00
395	62	3.77	9.51
396	62	3.77	10.02
397	62	3.77	10.53
398	62	3.80	11.04
399	62	3.83	11.55
400	62	3.86	12.05
401	62	3.87	12.57
402	62	3.87	13.09
403	62	3.87	13.61
404	62	3.87	14.14
405	62	3.87	14.66
406	62	3.87	15.18
381	63	3.20	15.36
382	63	3.15	14.89
383	63	3.15	14.42
384	63	3.06	14.00
385	63	2.89	13.63
386	63	2.69	13.28
387	63	2.45	12.97
388	63	2.22	12.67
389	63	2.01	12.42
390	63	1.80	12.17
391	63	1.53	11.99
392	63	1.22	11.88
393	63	0.90	11.76
394	63	0.62	11.64
395	63	0.41	11.51
396	63	0.21	11.39
397	63	0.00	11.27
386	64	3.87	15.56
387	64	3.55	15.11
388	64	3.30	14.68
389	64	3.15	14.27
390	64	3.01	13.86
391	64	2.77	13.54
392	64	2.50	13.26
393	64	2.22	12.98
394	64	1.91	12.70
395	64	1.57	12.41
396	64	1.23	12.13
397	64	0.91	11.86
398	64	0.65	11.65
399	64	0.39	11.44
400	64	0.14	11.23
402	65	13.30	13.59
403	65	12.94	13.67
404	65	12.58	13.74
405	65	12.22	13.81
406	65	11.91	13.84
407	65	11.64	13.82
408	65	11.37	13.80
409	65	11.10	13.79
410	65	10.83	13.77
411	65	10.56	13.76
412	65	10.28	13.75
413	65	10.00	13.74
414	65	9.72	13.74
415	65	9.44	13.73
416	65	9.16	13.72
417	65	8.88	13.71
418	65	8.57	13.64
419	65	8.26	13.56
420	65	7.94	13.48
421	65	7.66	13.34
422	65	7.40	13.16
423	65	7.18	12.94
424	65	7.03	12.64
425	65	6.89	12.33
426	65	6.74	12.02
427	65	6.74	11.65
428	65	6.75	11.27
429	65	6.77	10.89
430	65	6.80	10.52
431	65	6.88	10.15
432	65	6.97	9.78
433	65	7.05	9.42
434	65	7.14	9.05
435	65	7.23	8.66
436	65	7.33	8.28
437	65	7.42	7.90
438	65	7.51	7.52
439	65	7.59	7.13
440	65	7.64	6.72
441	65	7.70	6.32
442	65	7.75	5.92
443	65	7.80	5.53
444	65	7.84	5.16
445	65	7.88	4.78
446	65	7.93	4.40
447	65	7.97	4.03
448	65	7.94	3.63
449	65	7.91	3.24
450	65	7.87	2.84
451	65	7.84	2.45
452	65	7.87	2.08
453	65	7.96	1.75
454	65	8.06	1.42
455	65	8.15	1.10
456	65	8.25	0.77
402	66	13.36	14.30
403	66	13.13	14.30
404	66	12.89	14.31
405	66	12.66	14.32
406	66	12.38	14.34
407	66	12.05	14.38
408	66	11.72	14.42
409	66	11.38	14.46
410	66	11.05	14.51
411	66	10.75	14.51
412	66	10.45	14.51
413	66	10.16	14.51
414	66	9.86	14.50
415	66	9.56	14.49
416	66	9.25	14.48
417	66	8.93	14.46
418	66	8.62	14.44
419	66	8.31	14.42
420	66	7.99	14.34
421	66	7.66	14.20
422	66	7.32	14.05
423	66	7.01	13.77
424	66	6.71	13.43
425	66	6.43	13.09
426	66	6.32	12.64
427	66	6.21	12.20
428	66	6.11	11.75
429	66	6.12	11.30
430	66	6.14	10.85
431	66	6.16	10.40
432	66	6.17	9.95
433	66	6.22	9.50
434	66	6.31	9.07
435	66	6.40	8.63
436	66	6.49	8.20
437	66	6.58	7.77
438	66	6.66	7.37
439	66	6.75	6.98
440	66	6.83	6.59
441	66	6.91	6.20
442	66	6.95	5.80
443	66	6.99	5.40
444	66	7.03	5.00
445	66	7.07	4.60
446	66	7.09	4.21
447	66	7.09	3.85
448	66	7.08	3.48
449	66	7.08	3.11
450	66	7.07	2.74
451	66	7.07	2.37
452	66	7.09	2.02
453	66	7.16	1.69
454	66	7.22	1.36
455	66	7.29	1.03
456	66	7.36	0.71
432	67	7.65	15.42
433	67	7.55	14.96
434	67	7.46	14.51
435	67	7.32	14.05
436	67	7.13	13.60
437	67	6.93	13.15
438	67	6.82	12.66
439	67	6.72	12.16
440	67	6.62	11.66
441	67	6.56	11.17
442	67	6.62	10.69
443	67	6.68	10.21
444	67	6.74	9.74
445	67	6.88	9.26
446	67	7.01	8.78
447	67	7.12	8.30
448	67	7.14	7.82
449	67	7.15	7.35
450	67	7.17	6.87
451	67	7.18	6.40
452	67	7.20	5.92
453	67	7.24	5.46
454	67	7.29	5.00
455	67	7.33	4.53
456	67	7.38	4.07
457	67	7.37	3.64
458	67	7.37	3.22
459	67	7.36	2.79
460	67	7.36	2.37
461	67	7.36	1.94
462	67	7.35	1.51
463	67	7.42	1.08
464	67	7.49	0.65
436	68	4.57	0.68
437	68	4.63	1.13
438	68	4.64	1.59
439	68	4.62	2.04
440	68	4.60	2.50
441	68	4.58	2.95
442	68	4.55	3.39
443	68	4.52	3.84
444	68	4.50	4.27
445	68	4.48	4.71
446	68	4.46	5.14
447	68	4.43	5.60
448	68	4.41	6.11
449	68	4.39	6.63
450	68	4.37	7.13
451	68	4.43	7.54
452	68	4.48	7.96
453	68	4.54	8.37
454	68	4.53	8.78
455	68	4.51	9.19
456	68	4.49	9.60
457	68	4.48	9.98
458	68	4.53	10.32
459	68	4.58	10.65
460	68	4.62	10.98
461	68	4.76	11.30
462	68	4.91	11.61
463	68	5.07	11.86
464	68	5.24	12.11
465	68	5.40	12.36
466	68	5.57	12.63
467	68	5.75	12.91
468	68	5.93	13.19
469	68	6.13	13.52
470	68	6.36	13.87
471	68	6.58	14.23
472	68	6.78	14.58
473	68	6.92	14.93
474	68	7.07	15.27
475	68	7.21	15.62
436	69	3.27	0.74
437	69	3.30	1.54
438	69	3.34	2.33
439	69	3.38	3.10
440	69	3.43	3.83
441	69	3.48	4.57
442	69	3.48	5.32
443	69	3.48	6.07
444	69	3.48	6.82
445	69	3.50	7.62
446	69	3.53	8.44
447	69	3.55	9.25
448	69	3.57	10.10
449	69	3.59	10.95
450	69	3.61	11.80
451	69	3.63	12.64
452	69	3.66	13.48
453	69	3.68	14.32
454	69	3.70	15.15
446	70	5.19	5.44
447	70	5.17	5.90
448	70	5.16	6.36
449	70	5.15	6.81
450	70	5.15	7.24
451	70	5.16	7.66
452	70	5.17	8.08
453	70	5.18	8.49
454	70	5.22	8.87
455	70	5.25	9.26
456	70	5.29	9.63
457	70	5.37	9.92
458	70	5.45	10.21
459	70	5.53	10.51
460	70	5.61	10.78
461	70	5.70	11.04
462	70	5.78	11.30
463	70	5.88	11.57
464	70	5.98	11.83
465	70	6.14	12.12
466	70	6.30	12.41
467	70	6.46	12.70
468	70	6.63	12.96
469	70	6.81	13.15
470	70	7.00	13.35
471	70	7.18	13.54
472	70	7.32	13.78
473	70	7.40	14.06
474	70	7.48	14.34
475	70	7.57	14.62
476	70	7.72	14.93
477	70	7.90	15.25
478	70	8.07	15.58
453	71	6.30	0.39
454	71	5.92	0.82
455	71	5.54	1.26
456	71	5.19	1.69
457	71	4.84	2.11
458	71	4.50	2.54
459	71	4.19	2.91
460	71	3.89	3.27
461	71	3.58	3.64
467	72	4.71	0.68
468	72	4.77	1.29
469	72	4.84	1.89
470	72	4.90	2.50
471	72	4.81	3.05
472	72	4.69	3.60
473	72	4.58	4.15
474	72	4.54	4.71
475	72	4.58	5.26
476	72	4.61	5.82
477	72	4.65	6.38
478	72	4.69	6.94
479	72	4.72	7.52
480	72	4.76	8.09
481	72	4.76	8.66
482	72	4.67	9.21
483	72	4.59	9.77
484	72	4.50	10.33
485	72	4.57	10.89
486	72	4.65	11.45
487	72	4.73	12.02
488	72	4.82	12.58
489	72	4.90	13.15
490	72	4.99	13.73
491	72	5.08	14.30
492	72	5.16	14.87
493	72	5.25	15.44
475	73	5.30	15.32
476	73	5.24	14.69
477	73	5.18	14.07
478	73	5.08	13.51
479	73	4.99	12.95
480	73	4.94	12.39
481	73	5.08	11.80
482	73	5.21	11.22
483	73	5.35	10.63
484	73	5.36	10.05
485	73	5.29	9.48
486	73	5.22	8.90
487	73	5.15	8.32
488	73	5.04	7.76
489	73	4.90	7.22
490	73	4.76	6.67
491	73	4.63	6.12
492	73	4.57	5.55
493	73	4.52	4.98
494	73	4.46	4.40
495	73	4.40	3.84
496	73	4.32	3.29
497	73	4.25	2.74
498	73	4.17	2.19
499	73	4.09	1.64
500	73	4.02	1.09
501	73	3.94	0.54
475	74	5.87	15.68
476	74	5.90	15.12
477	74	5.94	14.56
478	74	5.97	14.00
479	74	6.00	13.41
480	74	6.04	12.81
481	74	6.07	12.20
482	74	6.11	11.60
483	74	6.11	11.02
484	74	6.12	10.44
485	74	6.12	9.86
486	74	6.13	9.28
487	74	6.12	8.71
488	74	6.11	8.15
489	74	6.10	7.58
490	74	6.08	7.01
491	74	6.05	6.42
492	74	6.01	5.82
493	74	5.96	5.21
494	74	5.91	4.60
495	74	5.84	4.02
496	74	5.76	3.50
497	74	5.67	2.98
498	74	5.58	2.45
499	74	5.53	1.92
500	74	5.50	1.40
501	74	5.46	0.87
483	75	5.08	15.14
484	75	5.18	14.41
485	75	5.29	13.69
486	75	5.44	13.01
487	75	5.58	12.34
488	75	5.73	11.67
489	75	5.85	11.03
490	75	5.97	10.40
491	75	6.09	9.76
492	75	6.22	9.15
493	75	6.34	8.54
494	75	6.47	7.93
495	75	6.59	7.32
496	75	6.69	6.71
497	75	6.79	6.10
498	75	6.90	5.48
499	75	7.00	4.87
500	75	7.10	4.26
501	75	7.21	3.64
502	75	7.32	3.04
503	75	7.55	2.49
504	75	7.78	1.94
505	75	8.01	1.40
506	75	8.30	1.01
507	75	8.64	0.74
501	76	4.48	15.20
502	76	4.48	14.80
503	76	4.49	14.40
504	76	4.48	14.14
505	76	4.46	14.01
506	76	4.43	13.89
507	76	4.42	13.76
508	76	4.42	13.61
509	76	4.42	13.45
510	76	4.42	13.30
511	76	4.42	13.13
512	76	4.42	12.92
513	76	4.43	12.71
514	76	4.44	12.50
515	76	4.44	12.29
516	76	4.47	12.03
517	76	4.53	11.70
518	76	4.58	11.37
519	76	4.64	11.04
520	76	4.70	10.72
521	76	4.75	10.40
522	76	4.81	10.09
523	76	4.87	9.77
524	76	4.92	9.46
525	76	5.00	9.19
526	76	5.09	8.95
527	76	5.18	8.71
528	76	5.27	8.46
529	76	5.35	8.24
530	76	5.41	8.04
531	76	5.46	7.84
532	76	5.52	7.64
533	76	5.57	7.44
534	76	5.66	7.20
535	76	5.75	6.96
536	76	5.85	6.72
537	76	5.94	6.48
538	76	6.04	6.24
539	76	6.12	5.96
540	76	6.21	5.69
541	76	6.30	5.41
542	76	6.39	5.14
543	76	6.48	4.86
544	76	6.54	4.61
545	76	6.53	4.45
546	76	6.51	4.29
547	76	6.49	4.13
548	76	6.47	3.97
549	76	6.46	3.81
550	76	6.44	3.65
551	76	6.42	3.49
552	76	6.39	3.26
553	76	6.36	3.00
554	76	6.33	2.74
555	76	6.29	2.48
556	76	6.26	2.22
557	76	6.23	1.96
558	76	6.18	1.69
559	76	6.12	1.40
560	76	6.06	1.11
561	76	6.00	0.82
503	77	8.38	15.65
504	77	8.03	15.30
505	77	7.69	14.96
506	77	7.49	14.73
507	77	7.28	14.51
508	77	7.08	14.29
509	77	6.90	14.10
510	77	6.73	13.92
511	77	6.55	13.73
512	77	6.47	13.50
513	77	6.45	13.25
514	77	6.42	13.01
515	77	6.39	12.76
516	77	6.36	12.47
517	77	6.33	12.17
518	77	6.31	11.88
519	77	6.28	11.59
520	77	6.28	11.31
521	77	6.34	11.06
522	77	6.40	10.81
523	77	6.46	10.56
524	77	6.52	10.31
525	77	6.57	10.08
526	77	6.61	9.86
527	77	6.65	9.64
528	77	6.69	9.42
529	77	6.73	9.20
530	77	6.84	8.99
531	77	7.02	8.78
532	77	7.20	8.57
533	77	7.37	8.36
534	77	7.54	8.15
535	77	7.62	7.93
536	77	7.69	7.71
537	77	7.77	7.49
538	77	7.84	7.28
539	77	7.88	7.00
540	77	7.92	6.72
541	77	7.96	6.44
542	77	7.99	6.21
543	77	8.03	6.01
544	77	8.07	5.82
545	77	8.11	5.63
546	77	8.16	5.41
547	77	8.22	5.15
548	77	8.29	4.89
549	77	8.35	4.64
550	77	8.41	4.35
551	77	8.45	4.03
552	77	8.49	3.71
553	77	8.54	3.38
554	77	8.57	3.06
555	77	8.57	2.75
556	77	8.57	2.45
557	77	8.57	2.14
558	77	8.57	1.83
559	77	8.55	1.56
560	77	8.51	1.30
561	77	8.48	1.04
562	77	8.44	0.79
505	78	7.88	15.62
506	78	7.50	15.36
507	78	7.14	15.10
508	78	6.80	14.86
509	78	6.47	14.61
510	78	6.18	14.35
511	78	5.99	14.05
512	78	5.81	13.75
513	78	5.70	13.44
514	78	5.67	13.12
515	78	5.64	12.80
516	78	5.61	12.48
517	78	5.62	12.13
518	78	5.63	11.78
519	78	5.63	11.43
520	78	5.64	11.12
521	78	5.63	10.87
522	78	5.62	10.63
523	78	5.62	10.38
524	78	5.67	10.14
525	78	5.72	9.90
526	78	5.78	9.66
527	78	5.83	9.42
528	78	5.89	9.18
529	78	6.00	8.95
530	78	6.10	8.72
531	78	6.21	8.50
532	78	6.31	8.27
533	78	6.42	8.04
534	78	6.50	7.79
535	78	6.59	7.55
536	78	6.68	7.30
537	78	6.77	7.06
538	78	6.87	6.83
539	78	6.96	6.59
540	78	7.06	6.36
541	78	7.14	6.15
542	78	7.22	5.95
543	78	7.29	5.75
544	78	7.36	5.55
545	78	7.43	5.35
546	78	7.45	5.11
547	78	7.47	4.88
548	78	7.48	4.64
549	78	7.50	4.41
550	78	7.53	4.14
551	78	7.55	3.86
552	78	7.58	3.59
553	78	7.61	3.31
554	78	7.62	2.99
555	78	7.64	2.66
556	78	7.65	2.34
557	78	7.68	2.03
558	78	7.72	1.77
559	78	7.76	1.51
560	78	7.81	1.25
561	78	7.83	0.97
562	78	7.77	0.66
507	79	4.60	0.83
508	79	4.68	1.34
509	79	4.75	1.84
510	79	4.73	2.28
511	79	4.70	2.72
512	79	4.67	3.17
513	79	4.64	3.61
514	79	4.57	4.09
515	79	4.49	4.56
516	79	4.41	5.04
517	79	4.33	5.51
518	79	4.25	5.99
519	79	4.18	6.46
520	79	4.10	6.93
521	79	4.03	7.40
522	79	4.02	7.88
523	79	4.02	8.37
524	79	4.01	8.86
525	79	4.00	9.34
526	79	4.02	9.81
527	79	4.04	10.28
528	79	4.06	10.75
529	79	4.10	11.22
530	79	4.25	11.70
531	79	4.40	12.19
532	79	4.55	12.68
533	79	4.70	13.17
534	79	4.85	13.58
535	79	5.02	13.95
536	79	5.18	14.32
537	79	5.35	14.68
538	79	5.49	15.05
539	79	5.53	15.41
510	80	4.53	0.67
511	80	4.62	1.21
512	80	4.71	1.75
513	80	4.77	2.26
514	80	4.81	2.76
515	80	4.86	3.26
516	80	4.89	3.76
517	80	4.90	4.25
518	80	4.92	4.74
519	80	4.93	5.23
520	80	4.88	5.71
521	80	4.69	6.16
522	80	4.51	6.62
523	80	4.32	7.07
524	80	4.17	7.41
525	80	4.04	7.70
526	80	3.90	7.99
527	80	3.77	8.27
528	80	3.68	8.59
529	80	3.60	8.91
530	80	3.52	9.23
531	80	3.44	9.59
532	80	3.40	10.07
533	80	3.35	10.55
534	80	3.32	11.05
535	80	3.28	11.58
536	80	3.25	12.11
537	80	3.22	12.64
538	80	3.19	13.18
539	80	3.16	13.74
540	80	3.13	14.29
541	80	3.10	14.85
542	80	3.07	15.40
510	81	7.77	15.55
511	81	7.71	15.21
512	81	7.64	14.87
513	81	7.57	14.58
514	81	7.50	14.35
515	81	7.43	14.12
516	81	7.35	13.88
517	81	7.19	13.57
518	81	7.03	13.26
519	81	6.87	12.95
520	81	6.75	12.63
521	81	6.66	12.32
522	81	6.57	12.01
523	81	6.44	11.70
524	81	6.27	11.40
525	81	6.11	11.10
526	81	5.91	10.80
527	81	5.68	10.51
528	81	5.45	10.21
529	81	5.45	9.91
530	81	5.47	9.60
531	81	5.49	9.29
532	81	5.50	8.98
533	81	5.42	8.65
534	81	5.34	8.32
535	81	5.25	7.98
536	81	5.20	7.64
537	81	5.23	7.29
538	81	5.25	6.94
539	81	5.28	6.58
540	81	5.31	6.23
541	81	5.35	5.87
542	81	5.39	5.50
543	81	5.43	5.14
544	81	5.47	4.78
545	81	5.50	4.39
546	81	5.48	3.92
547	81	5.47	3.44
548	81	5.45	2.96
549	81	5.41	2.49
550	81	5.28	2.05
551	81	5.15	1.62
552	81	5.03	1.18
553	81	4.87	0.76
554	81	4.71	0.34
510	82	6.88	15.75
511	82	6.90	15.49
512	82	6.92	15.23
513	82	6.94	14.97
514	82	6.79	14.72
515	82	6.65	14.48
516	82	6.51	14.23
517	82	6.36	13.89
518	82	6.20	13.47
519	82	6.04	13.05
520	82	5.88	12.63
521	82	5.67	12.30
522	82	5.45	12.00
523	82	5.23	11.70
524	82	5.01	11.40
525	82	4.90	11.13
526	82	4.79	10.85
527	82	4.69	10.56
528	82	4.61	10.24
529	82	4.53	9.91
530	82	4.47	9.57
531	82	4.49	9.21
532	82	4.50	8.84
533	82	4.52	8.47
534	82	4.51	8.10
535	82	4.48	7.72
536	82	4.46	7.33
537	82	4.43	6.95
538	82	4.46	6.60
539	82	4.54	6.29
540	82	4.62	5.97
541	82	4.70	5.66
542	82	4.74	5.26
543	82	4.76	4.83
544	82	4.77	4.39
545	82	4.74	3.95
546	82	4.66	3.50
547	82	4.57	3.04
548	82	4.49	2.59
549	82	4.40	2.15
550	82	4.32	1.73
551	82	4.24	1.30
552	82	4.16	0.87
553	82	4.08	0.44
513	83	7.56	0.42
514	83	7.26	0.76
515	83	6.95	1.10
516	83	6.65	1.44
517	83	6.54	1.84
518	83	6.42	2.25
519	83	6.31	2.65
520	83	6.16	3.09
521	83	5.99	3.57
522	83	5.82	4.04
523	83	5.65	4.52
524	83	5.47	4.96
525	83	5.29	5.36
526	83	5.10	5.77
527	83	4.92	6.18
528	83	4.73	6.61
529	83	4.54	7.04
530	83	4.35	7.47
531	83	4.17	7.90
532	83	4.03	8.34
533	83	3.90	8.77
534	83	3.76	9.20
535	83	3.72	9.68
536	83	3.72	10.18
537	83	3.72	10.69
538	83	3.73	11.17
539	83	3.77	11.61
540	83	3.81	12.04
541	83	3.85	12.48
542	83	3.84	12.91
543	83	3.83	13.34
544	83	3.86	13.79
545	83	3.95	14.25
546	83	4.03	14.71
547	83	4.10	15.17
548	83	4.16	15.63
515	84	6.55	0.42
516	84	6.32	0.88
517	84	6.08	1.35
518	84	5.91	1.80
519	84	5.85	2.23
520	84	5.80	2.66
521	84	5.68	3.10
522	84	5.45	3.55
523	84	5.23	4.00
524	84	5.01	4.45
525	84	4.81	4.88
526	84	4.60	5.31
527	84	4.40	5.74
528	84	4.19	6.16
529	84	3.98	6.58
530	84	3.77	6.99
531	84	3.65	7.45
532	84	3.52	7.91
533	84	3.40	8.37
534	84	3.29	8.87
535	84	3.21	9.45
536	84	3.12	10.02
537	84	3.05	10.60
538	84	3.10	11.16
539	84	3.15	11.73
540	84	3.19	12.27
541	84	3.15	12.65
542	84	3.11	13.02
543	84	3.06	13.39
544	84	2.96	13.76
545	84	2.85	14.12
546	84	2.90	14.59
547	84	2.97	15.08
512	85	3.40	0.44
513	85	3.39	0.80
514	85	3.38	1.15
515	85	3.39	1.29
516	85	3.39	1.33
517	85	3.40	1.37
518	85	3.41	1.41
519	85	3.42	1.45
520	85	3.43	1.49
521	85	3.44	1.53
522	85	3.46	1.58
523	85	3.48	1.63
524	85	3.50	1.68
525	85	3.52	1.73
526	85	3.54	1.79
527	85	3.56	1.84
528	85	3.59	2.12
529	85	3.62	2.50
530	85	3.66	2.88
531	85	3.69	3.27
532	85	3.63	3.84
533	85	3.56	4.41
534	85	3.50	4.98
535	85	3.47	5.53
536	85	3.52	6.05
537	85	3.57	6.56
538	85	3.62	7.08
539	85	3.64	7.60
540	85	3.63	8.14
541	85	3.62	8.68
542	85	3.61	9.21
543	85	3.61	9.75
544	85	3.60	10.28
545	85	3.59	10.82
546	85	3.58	11.36
547	85	3.58	11.89
548	85	3.57	12.43
549	85	3.56	12.97
550	85	3.58	13.49
551	85	3.59	14.01
552	85	3.61	14.53
553	85	3.62	15.06
554	85	3.64	15.58
529	86	4.17	0.55
530	86	4.19	1.10
531	86	4.20	1.65
532	86	4.17	2.14
533	86	4.12	2.60
534	86	4.06	3.06
535	86	4.01	3.54
536	86	3.96	4.03
537	86	3.92	4.51
538	86	3.83	4.94
539	86	3.72	5.33
540	86	3.61	5.72
541	86	3.64	6.14
542	86	3.71	6.57
543	86	3.78	7.00
544	86	3.85	7.43
545	86	3.80	7.85
546	86	3.76	8.27
547	86	3.71	8.69
548	86	3.68	9.14
549	86	3.65	9.63
550	86	3.62	10.12
551	86	3.59	10.62
552	86	3.60	11.12
553	86	3.61	11.62
554	86	3.62	12.13
555	86	3.64	12.63
556	86	3.65	13.14
557	86	3.67	13.64
558	86	3.68	14.15
559	86	3.69	14.65
560	86	3.71	15.16
532	87	4.32	0.58
533	87	4.33	1.10
534	87	4.34	1.62
535	87	4.33	2.13
536	87	4.31	2.64
537	87	4.28	3.14
538	87	4.24	3.64
539	87	4.13	4.06
540	87	4.01	4.49
541	87	3.90	4.92
542	87	3.89	5.38
543	87	3.88	5.85
544	87	3.88	6.30
545	87	3.96	6.70
546	87	4.03	7.10
547	87	4.11	7.50
548	87	4.08	7.90
549	87	4.00	8.30
550	87	3.93	8.71
551	87	3.85	9.11
552	87	3.84	9.58
553	87	3.87	10.11
554	87	3.91	10.63
555	87	3.94	11.15
556	87	4.01	11.68
557	87	4.10	12.21
558	87	4.19	12.74
559	87	4.28	13.27
560	87	4.42	13.79
561	87	4.56	14.31
562	87	4.70	14.83
563	87	4.84	15.36
532	88	4.95	0.69
533	88	4.99	1.28
534	88	5.02	1.86
535	88	5.02	2.41
536	88	4.98	2.88
537	88	4.94	3.35
538	88	4.89	3.83
539	88	4.75	4.25
540	88	4.58	4.66
541	88	4.45	5.07
542	88	4.48	5.51
543	88	4.53	5.95
544	88	4.60	6.41
545	88	4.66	6.85
546	88	4.68	7.24
547	88	4.71	7.64
548	88	4.72	8.02
549	88	4.65	8.38
550	88	4.59	8.73
551	88	4.51	9.17
552	88	4.43	9.62
553	88	4.52	10.08
554	88	4.62	10.55
555	88	4.73	11.02
556	88	4.82	11.53
557	88	4.91	12.05
558	88	5.00	12.58
559	88	5.13	13.09
560	88	5.27	13.60
561	88	5.41	14.11
562	88	5.51	14.64
563	88	5.58	15.19
532	89	7.66	15.63
533	89	7.52	15.07
534	89	7.38	14.51
535	89	7.20	13.92
536	89	7.01	13.31
537	89	6.87	12.71
538	89	6.75	12.11
539	89	6.63	11.52
540	89	6.70	10.93
541	89	6.84	10.34
542	89	6.98	9.75
543	89	7.12	9.18
544	89	7.26	8.62
545	89	7.40	8.07
546	89	7.57	7.55
547	89	7.75	7.06
548	89	7.93	6.57
549	89	8.12	6.07
550	89	8.30	5.58
551	89	8.35	5.14
552	89	8.37	4.71
553	89	8.39	4.30
554	89	8.38	3.96
555	89	8.37	3.61
556	89	8.36	3.27
557	89	8.40	2.99
558	89	8.44	2.71
559	89	8.47	2.44
560	89	8.50	2.16
561	89	8.52	1.89
562	89	8.54	1.61
563	89	8.81	1.35
564	89	9.11	1.10
565	89	9.41	0.84
566	89	9.98	0.65
534	90	13.71	12.96
535	90	13.45	12.94
536	90	13.19	12.92
537	90	12.93	12.90
538	90	12.67	12.87
539	90	12.52	12.86
540	90	12.37	12.86
541	90	12.23	12.85
542	90	12.08	12.84
543	90	11.94	12.83
544	90	11.79	12.82
545	90	11.65	12.81
546	90	11.46	12.80
547	90	11.13	12.81
548	90	10.80	12.82
549	90	10.47	12.82
550	90	10.12	12.84
551	90	9.78	12.85
552	90	9.43	12.86
553	90	9.09	12.88
554	90	8.74	12.88
555	90	8.39	12.88
556	90	8.04	12.88
557	90	7.68	12.87
558	90	7.36	12.83
559	90	7.17	12.67
560	90	6.97	12.51
561	90	6.85	12.15
562	90	6.76	11.71
563	90	6.75	11.30
564	90	6.87	10.92
565	90	6.99	10.54
566	90	7.18	10.17
567	90	7.38	9.81
568	90	7.56	9.45
569	90	7.71	9.10
570	90	7.86	8.76
571	90	7.91	8.39
572	90	7.90	8.01
573	90	7.88	7.63
574	90	7.87	7.24
575	90	7.84	6.86
576	90	7.82	6.47
577	90	7.80	6.08
578	90	7.80	5.72
579	90	7.80	5.36
580	90	7.81	5.00
581	90	7.81	4.64
582	90	7.82	4.30
583	90	7.81	3.97
584	90	7.80	3.65
585	90	7.79	3.33
586	90	7.78	3.00
587	90	7.77	2.68
588	90	7.84	2.41
589	90	7.94	2.15
590	90	8.03	1.89
591	90	8.13	1.64
592	90	8.27	1.43
593	90	8.50	1.31
594	90	8.73	1.18
595	90	8.95	1.06
596	90	9.18	0.94
597	90	9.40	0.81
538	91	4.91	15.21
539	91	4.97	14.77
540	91	5.04	14.33
541	91	5.11	13.90
542	91	5.20	13.41
543	91	5.30	12.91
544	91	5.41	12.40
545	91	5.51	11.90
546	91	5.57	11.47
547	91	5.63	11.05
548	91	5.69	10.62
549	91	5.75	10.20
550	91	5.79	9.80
551	91	5.81	9.40
552	91	5.84	9.01
553	91	5.87	8.62
554	91	5.90	8.23
555	91	5.85	7.88
556	91	5.80	7.53
557	91	5.75	7.18
558	91	5.70	6.82
559	91	5.66	6.46
560	91	5.62	6.10
561	91	5.58	5.74
562	91	5.53	5.38
563	91	5.57	5.04
564	91	5.60	4.69
565	91	5.64	4.35
566	91	5.67	4.00
567	91	5.71	3.66
568	91	5.66	3.31
569	91	5.60	2.96
570	91	5.53	2.61
571	91	5.46	2.26
572	91	5.37	1.91
573	91	5.26	1.57
574	91	5.15	1.22
575	91	5.04	0.88
576	91	4.93	0.53
538	92	3.72	15.21
539	92	3.84	14.73
540	92	3.96	14.25
541	92	4.05	13.78
542	92	4.11	13.31
543	92	4.16	12.85
544	92	4.22	12.39
545	92	4.29	11.93
546	92	4.42	11.49
547	92	4.55	11.06
548	92	4.68	10.62
549	92	4.81	10.18
550	92	4.85	9.82
551	92	4.90	9.47
552	92	4.94	9.11
553	92	4.99	8.75
554	92	5.03	8.40
555	92	5.02	8.05
556	92	4.98	7.71
557	92	4.95	7.37
558	92	4.87	7.01
559	92	4.73	6.65
560	92	4.59	6.29
561	92	4.45	5.93
562	92	4.32	5.55
563	92	4.20	5.16
564	92	4.09	4.78
565	92	4.01	4.41
566	92	4.03	4.08
567	92	4.06	3.75
568	92	4.08	3.42
569	92	4.03	3.05
570	92	3.99	2.68
571	92	3.95	2.31
572	92	3.91	1.94
573	92	3.88	1.57
574	92	3.85	1.21
575	92	3.82	0.84
576	92	3.79	0.47
538	93	4.42	15.58
539	93	4.41	15.12
540	93	4.40	14.67
541	93	4.41	14.21
542	93	4.54	13.78
543	93	4.67	13.35
544	93	4.81	12.91
545	93	4.91	12.48
546	93	4.96	12.05
547	93	5.01	11.62
548	93	5.06	11.19
549	93	5.17	10.76
550	93	5.29	10.34
551	93	5.41	9.92
552	93	5.51	9.51
553	93	5.54	9.16
554	93	5.57	8.81
555	93	5.59	8.47
556	93	5.61	8.12
557	93	5.61	7.78
558	93	5.61	7.43
559	93	5.61	7.09
560	93	5.56	6.77
561	93	5.46	6.48
562	93	5.36	6.19
563	93	5.26	5.90
564	93	5.14	5.51
565	93	5.01	5.06
566	93	4.90	4.63
567	93	4.86	4.25
568	93	4.82	3.88
569	93	4.78	3.50
570	93	4.74	3.09
571	93	4.70	2.65
572	93	4.66	2.21
573	93	4.62	1.77
574	93	4.57	1.42
575	93	4.52	1.16
576	93	4.46	0.90
577	93	4.41	0.64
578	93	4.36	0.38
541	94	3.86	15.47
542	94	4.01	15.02
543	94	4.16	14.57
544	94	4.30	14.13
545	94	4.44	13.73
546	94	4.57	13.33
547	94	4.70	12.93
548	94	4.79	12.51
549	94	4.89	12.10
550	94	4.99	11.68
551	94	5.11	11.26
552	94	5.25	10.85
553	94	5.39	10.43
554	94	5.53	10.01
555	94	5.76	9.60
556	94	6.01	9.18
557	94	6.26	8.77
558	94	6.44	8.30
559	94	6.52	7.79
560	94	6.61	7.28
561	94	6.71	6.77
562	94	6.82	6.26
563	94	6.92	5.74
564	94	7.03	5.23
565	94	7.07	4.73
566	94	7.07	4.23
567	94	7.07	3.73
568	94	7.07	3.23
569	94	7.16	2.73
570	94	7.25	2.22
571	94	7.34	1.74
572	94	7.48	1.42
573	94	7.63	1.10
574	94	7.77	0.78
542	95	4.76	15.35
543	95	4.87	14.91
544	95	4.99	14.46
545	95	5.09	14.03
546	95	5.19	13.63
547	95	5.28	13.22
548	95	5.38	12.82
549	95	5.48	12.41
550	95	5.59	12.00
551	95	5.70	11.59
552	95	5.81	11.17
553	95	6.01	10.82
554	95	6.21	10.47
555	95	6.42	10.12
556	95	6.64	9.71
557	95	6.86	9.20
558	95	7.08	8.70
559	95	7.30	8.19
560	95	7.40	7.71
561	95	7.48	7.23
562	95	7.56	6.76
563	95	7.62	6.28
564	95	7.66	5.80
565	95	7.71	5.31
566	95	7.76	4.83
567	95	7.78	4.39
568	95	7.79	3.96
569	95	7.80	3.53
570	95	7.81	3.09
571	95	7.86	2.71
572	95	7.93	2.37
573	95	8.00	2.03
574	95	8.08	1.70
575	95	8.27	1.50
576	95	8.46	1.30
577	95	8.66	1.10
578	95	8.85	0.92
579	95	9.06	0.90
580	95	9.27	0.88
581	95	9.48	0.86
543	96	3.10	0.40
544	96	3.12	0.95
545	96	3.15	1.50
546	96	3.17	2.04
547	96	3.17	2.58
548	96	3.17	3.11
549	96	3.17	3.65
550	96	3.17	4.19
551	96	3.25	4.70
552	96	3.33	5.21
553	96	3.41	5.72
554	96	3.49	6.23
555	96	3.55	6.77
556	96	3.57	7.32
557	96	3.59	7.88
558	96	3.61	8.44
559	96	3.63	9.00
560	96	3.64	9.53
561	96	3.64	10.06
562	96	3.64	10.58
563	96	3.64	11.11
564	96	3.64	11.63
565	96	3.64	12.16
566	96	3.65	12.68
567	96	3.66	13.21
568	96	3.68	13.74
569	96	3.69	14.26
570	96	3.70	14.79
571	96	3.71	15.32
543	97	4.13	0.45
544	97	4.10	0.95
545	97	4.07	1.45
546	97	4.05	1.96
547	97	4.02	2.46
548	97	4.01	2.94
549	97	3.99	3.43
550	97	3.98	3.92
551	97	4.02	4.41
552	97	4.07	4.91
553	97	4.11	5.41
554	97	4.16	5.92
555	97	4.21	6.52
556	97	4.26	7.12
557	97	4.31	7.71
558	97	4.34	8.21
559	97	4.36	8.71
560	97	4.38	9.21
561	97	4.39	9.74
562	97	4.39	10.29
563	97	4.39	10.84
564	97	4.39	11.38
565	97	4.37	11.93
566	97	4.33	12.47
567	97	4.29	13.02
568	97	4.26	13.56
569	97	4.22	14.11
570	97	4.18	14.65
571	97	4.14	15.20
571	98	2.99	15.48
572	98	3.10	14.99
573	98	3.21	14.50
574	98	3.32	14.01
575	98	3.35	13.53
576	98	3.34	13.06
577	98	3.34	12.58
578	98	3.33	12.11
579	98	3.32	11.63
580	98	3.29	11.15
581	98	3.26	10.67
582	98	3.23	10.19
583	98	3.25	9.74
584	98	3.29	9.31
585	98	3.32	8.87
586	98	3.36	8.44
587	98	3.39	8.00
588	98	3.43	7.57
589	98	3.38	7.08
590	98	3.31	6.59
591	98	3.25	6.10
592	98	3.19	5.60
593	98	3.13	5.11
594	98	3.11	4.60
595	98	3.16	4.08
596	98	3.20	3.56
597	98	3.24	3.04
598	98	3.27	2.53
599	98	3.24	2.03
600	98	3.22	1.54
601	98	3.19	1.05
602	98	3.16	0.56
586	99	6.54	0.72
587	99	6.54	1.14
588	99	6.53	1.56
589	99	6.52	1.98
590	99	6.49	2.39
591	99	6.45	2.80
592	99	6.41	3.20
593	99	6.37	3.61
594	99	6.34	4.02
595	99	6.30	4.44
596	99	6.27	4.89
597	99	6.24	5.33
598	99	6.20	5.78
599	99	6.17	6.22
600	99	6.15	6.69
601	99	6.14	7.17
602	99	6.13	7.66
603	99	6.12	8.15
604	99	6.11	8.63
605	99	6.12	9.12
606	99	6.16	9.62
607	99	6.19	10.11
608	99	6.22	10.60
609	99	6.25	11.10
610	99	6.29	11.47
611	99	6.33	11.82
612	99	6.37	12.16
613	99	6.41	12.51
614	99	6.59	12.93
615	99	6.79	13.36
616	99	6.99	13.79
617	99	7.20	14.22
618	99	7.48	14.66
619	99	7.76	15.10
620	99	8.05	15.54
586	100	5.61	0.45
587	100	5.58	0.82
588	100	5.55	1.19
589	100	5.53	1.57
590	100	5.50	1.96
591	100	5.45	2.42
592	100	5.41	2.87
593	100	5.37	3.33
594	100	5.33	3.79
595	100	5.29	4.25
596	100	5.25	4.70
597	100	5.22	5.16
598	100	5.18	5.62
599	100	5.14	6.08
600	100	5.11	6.54
601	100	5.09	7.01
602	100	5.06	7.47
603	100	5.03	7.94
604	100	5.03	8.42
605	100	5.09	8.93
606	100	5.15	9.45
607	100	5.21	9.96
608	100	5.26	10.48
609	100	5.32	11.00
610	100	5.39	11.47
611	100	5.46	11.95
612	100	5.52	12.42
613	100	5.59	12.89
614	100	5.72	13.35
615	100	5.98	13.78
616	100	6.23	14.21
617	100	6.49	14.64
618	100	6.73	15.05
619	100	6.90	15.42
592	101	4.54	15.13
593	101	4.52	14.39
594	101	4.51	13.64
595	101	4.44	12.91
596	101	4.31	12.20
597	101	4.18	11.49
598	101	4.05	10.78
599	101	3.97	10.04
600	101	3.92	9.29
601	101	3.87	8.54
602	101	3.82	7.79
603	101	3.77	7.04
604	101	3.80	6.35
605	101	3.84	5.66
606	101	3.87	4.97
607	101	3.90	4.27
608	101	3.92	3.57
609	101	3.92	2.85
610	101	3.91	2.13
611	101	3.91	1.41
612	101	3.90	0.69
598	102	4.08	15.24
599	102	4.18	14.41
600	102	4.28	13.58
601	102	4.36	12.77
602	102	4.31	12.07
603	102	4.26	11.36
604	102	4.20	10.65
605	102	4.20	9.94
606	102	4.23	9.23
607	102	4.25	8.51
608	102	4.28	7.79
609	102	4.26	7.08
610	102	4.21	6.35
611	102	4.16	5.63
612	102	4.12	4.91
613	102	4.07	4.19
614	102	4.03	3.46
615	102	3.99	2.69
616	102	3.96	1.91
617	102	3.93	1.14
618	102	3.90	0.36
608	103	7.70	0.79
609	103	7.49	1.16
610	103	7.27	1.54
611	103	7.02	2.04
612	103	6.77	2.55
613	103	6.52	3.05
614	103	6.39	3.56
615	103	6.34	4.07
616	103	6.29	4.58
617	103	6.24	5.09
618	103	6.13	5.58
619	103	6.01	6.07
620	103	5.88	6.55
621	103	5.75	7.04
622	103	5.65	7.55
623	103	5.62	8.11
624	103	5.59	8.67
625	103	5.57	9.23
626	103	5.54	9.79
627	103	5.49	10.35
628	103	5.35	10.84
629	103	5.20	11.33
630	103	5.05	11.83
631	103	4.91	12.32
632	103	4.80	12.84
633	103	4.68	13.35
634	103	4.57	13.86
635	103	4.45	14.37
636	103	4.34	14.88
637	103	4.22	15.39
608	104	8.72	1.07
609	104	8.45	1.43
610	104	8.20	1.81
611	104	8.01	2.26
612	104	7.83	2.70
613	104	7.65	3.15
614	104	7.51	3.64
615	104	7.39	4.14
616	104	7.26	4.65
617	104	7.14	5.15
618	104	7.02	5.66
619	104	6.92	6.21
620	104	6.83	6.76
621	104	6.73	7.31
622	104	6.64	7.85
623	104	6.60	8.35
624	104	6.57	8.86
625	104	6.53	9.36
626	104	6.49	9.87
627	104	6.42	10.39
628	104	6.36	10.91
629	104	6.29	11.43
630	104	6.15	11.93
631	104	5.93	12.41
632	104	5.71	12.89
633	104	5.49	13.37
634	104	5.37	13.85
635	104	5.31	14.32
636	104	5.25	14.79
637	104	5.19	15.26
614	105	4.76	15.10
615	105	4.86	14.45
616	105	4.93	13.81
617	105	4.91	13.17
618	105	4.89	12.53
619	105	4.87	11.89
620	105	4.85	11.24
621	105	4.83	10.58
622	105	4.82	9.92
623	105	4.80	9.26
624	105	4.78	8.60
625	105	4.89	8.01
626	105	5.01	7.43
627	105	5.12	6.84
628	105	5.23	6.25
629	105	5.34	5.68
630	105	5.44	5.12
631	105	5.54	4.55
632	105	5.65	3.99
633	105	5.67	3.40
634	105	5.65	2.80
635	105	5.62	2.20
636	105	5.59	1.60
637	105	5.53	1.02
638	105	5.45	0.44
614	106	3.73	15.32
615	106	3.78	14.65
616	106	3.82	13.97
617	106	3.85	13.30
618	106	3.87	12.65
619	106	3.89	12.00
620	106	3.91	11.36
621	106	3.93	10.71
622	106	3.94	10.07
623	106	3.95	9.43
624	106	3.96	8.79
625	106	3.98	8.15
626	106	4.03	7.60
627	106	4.08	7.05
628	106	4.13	6.51
629	106	4.19	5.97
630	106	4.25	5.41
631	106	4.34	4.77
632	106	4.43	4.13
633	106	4.52	3.49
634	106	4.60	2.85
635	106	4.57	2.25
636	106	4.54	1.64
637	106	4.51	1.03
638	106	4.48	0.43
628	107	2.94	0.22
629	107	2.92	0.81
630	107	2.90	1.41
631	107	2.89	2.00
632	107	2.91	2.55
633	107	2.93	3.10
634	107	2.95	3.64
635	107	2.97	4.19
636	107	2.99	4.73
637	107	3.02	5.24
638	107	3.06	5.75
639	107	3.09	6.26
640	107	3.13	6.77
641	107	3.15	7.31
642	107	3.17	7.90
643	107	3.19	8.48
644	107	3.20	9.07
645	107	3.22	9.66
646	107	3.23	10.24
647	107	3.25	10.83
648	107	3.26	11.42
649	107	3.27	12.01
650	107	3.21	12.58
651	107	3.14	13.14
652	107	3.08	13.71
653	107	3.01	14.28
654	107	2.94	14.85
655	107	2.87	15.41
629	108	3.59	0.33
630	108	3.58	0.89
631	108	3.57	1.44
632	108	3.56	2.00
633	108	3.60	2.58
634	108	3.64	3.15
635	108	3.67	3.72
636	108	3.71	4.29
637	108	3.75	4.86
638	108	3.80	5.41
639	108	3.85	5.96
640	108	3.89	6.51
641	108	3.94	7.06
642	108	3.99	7.61
643	108	4.02	8.19
644	108	4.04	8.77
645	108	4.07	9.36
646	108	4.09	9.95
647	108	4.11	10.53
648	108	4.13	11.12
649	108	4.13	11.67
650	108	4.12	12.23
651	108	4.12	12.78
652	108	4.11	13.34
653	108	4.11	13.90
654	108	4.11	14.50
655	108	4.11	15.10
640	109	3.95	0.57
641	109	3.95	1.08
642	109	3.95	1.58
643	109	3.96	2.09
644	109	3.97	2.61
645	109	3.99	3.13
646	109	4.00	3.65
647	109	4.02	4.17
648	109	4.03	4.69
649	109	4.05	5.22
650	109	4.06	5.74
651	109	4.08	6.26
652	109	4.09	6.78
653	109	4.11	7.30
654	109	4.13	7.84
655	109	4.16	8.38
656	109	4.19	8.92
657	109	4.21	9.45
658	109	4.24	9.99
659	109	4.26	10.53
660	109	4.29	11.07
661	109	4.24	11.65
662	109	4.20	12.24
663	109	4.15	12.82
664	109	4.11	13.41
665	109	4.06	13.99
666	109	4.02	14.57
667	109	3.97	15.16
640	110	3.03	0.48
641	110	3.07	1.02
642	110	3.12	1.56
643	110	3.17	2.10
644	110	3.20	2.63
645	110	3.21	3.15
646	110	3.22	3.67
647	110	3.23	4.19
648	110	3.24	4.71
649	110	3.25	5.23
650	110	3.26	5.72
651	110	3.27	6.22
652	110	3.28	6.71
653	110	3.28	7.20
654	110	3.29	7.70
655	110	3.30	8.19
656	110	3.30	8.75
657	110	3.30	9.34
658	110	3.29	9.92
659	110	3.29	10.51
660	110	3.28	11.09
661	110	3.28	11.68
662	110	3.28	12.27
663	110	3.26	12.84
664	110	3.24	13.42
665	110	3.22	13.99
666	110	3.20	14.56
667	110	3.18	15.14
648	111	5.98	15.58
649	111	6.13	15.12
650	111	6.28	14.65
651	111	6.42	14.19
652	111	6.44	13.78
653	111	6.47	13.37
654	111	6.49	12.96
655	111	6.47	12.72
656	111	6.45	12.50
657	111	6.43	12.10
658	111	6.42	11.65
659	111	6.43	11.20
660	111	6.47	10.75
661	111	6.50	10.30
662	111	6.51	9.88
663	111	6.48	9.49
664	111	6.46	9.09
665	111	6.44	8.70
666	111	6.42	8.31
667	111	6.40	7.92
668	111	6.38	7.51
669	111	6.34	7.03
670	111	6.29	6.55
671	111	6.28	6.08
672	111	6.35	5.66
673	111	6.43	5.24
674	111	6.47	4.81
675	111	6.47	4.39
676	111	6.47	3.96
677	111	6.47	3.53
678	111	6.46	3.10
679	111	6.44	2.68
680	111	6.43	2.25
681	111	6.42	1.82
682	111	6.34	1.46
683	111	6.27	1.10
684	111	6.20	0.74
651	112	5.07	15.47
652	112	5.27	15.04
653	112	5.47	14.61
654	112	5.57	14.14
655	112	5.54	13.60
656	112	5.51	13.07
657	112	5.48	12.54
658	112	5.44	12.06
659	112	5.40	11.58
660	112	5.36	11.11
661	112	5.33	10.64
662	112	5.37	10.23
663	112	5.40	9.82
664	112	5.43	9.41
665	112	5.46	9.00
666	112	5.46	8.58
667	112	5.46	8.15
668	112	5.46	7.73
669	112	5.47	7.30
670	112	5.49	6.86
671	112	5.51	6.42
672	112	5.53	5.98
673	112	5.55	5.54
674	112	5.55	5.10
675	112	5.53	4.67
676	112	5.50	4.24
677	112	5.48	3.81
678	112	5.46	3.38
679	112	5.49	2.94
680	112	5.52	2.50
681	112	5.55	2.06
682	112	5.58	1.62
683	112	5.61	1.18
684	112	5.46	0.83
685	112	5.27	0.49
652	113	5.89	15.64
653	113	6.03	15.25
654	113	6.17	14.85
655	113	6.31	14.45
656	113	6.30	13.99
657	113	6.28	13.54
658	113	6.26	13.08
659	113	6.21	12.53
660	113	6.17	11.98
661	113	6.14	11.44
662	113	6.16	10.98
663	113	6.18	10.52
664	113	6.20	10.06
665	113	6.18	9.62
666	113	6.11	9.21
667	113	6.05	8.81
668	113	6.00	8.41
669	113	6.01	8.03
670	113	6.02	7.65
671	113	6.03	7.26
672	113	6.03	6.82
673	113	6.03	6.39
674	113	6.03	5.95
675	113	6.03	5.51
676	113	6.06	5.08
677	113	6.09	4.64
678	113	6.12	4.21
679	113	6.16	3.78
680	113	6.18	3.36
681	113	6.18	2.96
682	113	6.18	2.56
683	113	6.18	2.16
684	113	6.14	1.76
685	113	6.04	1.36
686	113	5.94	0.96
687	113	5.84	0.55
653	114	7.01	0.57
654	114	6.96	1.01
655	114	6.91	1.46
656	114	6.85	1.91
657	114	6.82	2.37
658	114	6.78	2.84
659	114	6.75	3.31
660	114	6.73	3.78
661	114	6.73	4.25
662	114	6.73	4.72
663	114	6.73	5.18
664	114	6.75	5.65
665	114	6.85	6.10
666	114	6.95	6.55
667	114	7.05	6.99
668	114	7.14	7.44
669	114	7.05	7.91
670	114	6.97	8.37
671	114	6.89	8.83
672	114	6.75	9.34
673	114	6.59	9.85
674	114	6.44	10.36
675	114	6.44	10.87
676	114	6.44	11.38
677	114	6.44	11.89
678	114	6.48	12.39
679	114	6.53	12.90
680	114	6.58	13.41
681	114	6.64	13.91
682	114	6.72	14.39
683	114	6.84	14.81
684	114	6.97	15.23
685	114	7.10	15.65
653	115	7.79	0.49
654	115	7.77	1.06
655	115	7.75	1.62
656	115	7.70	2.15
657	115	7.65	2.67
658	115	7.60	3.19
659	115	7.58	3.66
660	115	7.57	4.10
661	115	7.56	4.55
662	115	7.55	5.01
663	115	7.54	5.49
664	115	7.53	5.97
665	115	7.51	6.45
666	115	7.50	6.94
667	115	7.50	7.45
668	115	7.49	7.96
669	115	7.48	8.47
670	115	7.41	8.96
671	115	7.31	9.43
672	115	7.20	9.91
673	115	7.14	10.44
674	115	7.08	10.97
675	115	7.06	11.49
676	115	7.05	12.00
677	115	7.04	12.52
678	115	7.10	13.09
679	115	7.17	13.66
680	115	7.24	14.23
681	115	7.40	14.65
682	115	7.57	15.05
683	115	7.74	15.45
653	116	4.24	0.41
654	116	4.29	0.84
655	116	4.35	1.28
656	116	4.41	1.71
657	116	4.47	2.15
658	116	4.55	2.59
659	116	4.63	3.04
660	116	4.71	3.48
661	116	4.76	3.95
662	116	4.77	4.46
663	116	4.77	4.97
664	116	4.78	5.48
665	116	4.74	6.00
666	116	4.66	6.52
667	116	4.58	7.04
668	116	4.50	7.57
669	116	4.61	8.05
670	116	4.72	8.53
671	116	4.83	9.00
672	116	4.93	9.50
673	116	4.99	10.02
674	116	5.06	10.55
675	116	5.12	11.07
676	116	5.19	11.60
677	116	5.29	12.10
678	116	5.39	12.61
679	116	5.49	13.12
680	116	5.62	13.61
681	116	5.76	14.09
682	116	5.89	14.57
683	116	6.03	15.05
684	116	6.17	15.53
660	117	5.33	0.71
661	117	5.32	1.15
662	117	5.31	1.59
663	117	5.31	2.03
664	117	5.30	2.47
665	117	5.24	2.93
666	117	5.19	3.40
667	117	5.14	3.86
668	117	5.07	4.32
669	117	4.96	4.76
670	117	4.85	5.20
671	117	4.75	5.64
672	117	4.71	6.12
673	117	4.72	6.61
674	117	4.73	7.10
675	117	4.74	7.59
676	117	4.75	8.09
677	117	4.79	8.57
678	117	4.83	9.05
679	117	4.87	9.53
680	117	4.92	10.01
681	117	4.96	10.49
682	117	4.97	11.00
683	117	4.98	11.52
684	117	4.99	12.04
685	117	5.00	12.56
686	117	5.01	13.08
687	117	5.00	13.57
688	117	4.98	14.05
689	117	4.96	14.54
690	117	4.94	15.02
691	117	4.92	15.50
661	118	4.41	0.71
662	118	4.45	1.16
663	118	4.49	1.61
664	118	4.52	2.07
665	118	4.47	2.55
666	118	4.42	3.03
667	118	4.36	3.51
668	118	4.31	3.98
669	118	4.22	4.42
670	118	4.13	4.85
671	118	4.03	5.29
672	118	3.95	5.73
673	118	3.94	6.23
674	118	3.92	6.73
675	118	3.91	7.23
676	118	3.90	7.73
677	118	3.88	8.26
678	118	3.86	8.79
679	118	3.84	9.32
680	118	3.83	9.84
681	118	3.95	10.35
682	118	4.08	10.85
683	118	4.19	11.35
684	118	4.24	11.84
685	118	4.30	12.33
686	118	4.36	12.82
687	118	4.29	13.28
688	118	4.21	13.73
689	118	4.12	14.19
690	118	4.07	14.69
691	118	4.06	15.22
677	119	4.29	15.55
678	119	4.28	14.92
679	119	4.27	14.29
680	119	4.09	13.67
681	119	3.79	13.05
682	119	3.56	12.47
683	119	3.42	11.93
684	119	3.29	11.38
685	119	3.25	10.76
686	119	3.20	10.13
687	119	3.17	9.53
688	119	3.15	8.95
689	119	3.13	8.38
690	119	3.12	7.81
691	119	3.11	7.24
692	119	3.10	6.67
693	119	3.08	6.10
694	119	3.07	5.53
695	119	3.10	4.98
696	119	3.14	4.45
697	119	3.19	3.93
698	119	3.23	3.40
699	119	3.26	2.87
700	119	3.15	2.34
701	119	3.04	1.81
702	119	3.12	1.33
703	119	3.19	0.85
704	119	3.26	0.38
681	120	4.54	0.87
682	120	4.60	1.13
683	120	4.65	1.40
684	120	4.70	1.68
685	120	4.71	2.13
686	120	4.72	2.58
687	120	4.73	3.03
688	120	4.74	3.46
689	120	4.75	3.90
690	120	4.77	4.33
691	120	4.78	4.76
692	120	4.85	5.27
693	120	4.93	5.78
694	120	5.01	6.29
695	120	5.09	6.80
696	120	5.17	7.29
697	120	5.26	7.77
698	120	5.34	8.25
699	120	5.43	8.74
700	120	5.51	9.22
701	120	5.51	9.74
702	120	5.52	10.25
703	120	5.53	10.76
704	120	5.53	11.28
705	120	5.51	11.79
706	120	5.48	12.30
707	120	5.45	12.82
708	120	5.41	13.34
709	120	5.34	13.89
710	120	5.28	14.44
711	120	5.21	14.99
712	120	5.14	15.55
682	121	3.74	0.67
683	121	3.73	1.07
684	121	3.72	1.47
685	121	3.71	1.92
686	121	3.71	2.45
687	121	3.70	2.97
688	121	3.69	3.50
689	121	3.73	4.01
690	121	3.81	4.51
691	121	3.88	5.00
692	121	3.96	5.50
693	121	4.03	6.00
694	121	4.03	6.55
695	121	4.03	7.10
696	121	4.03	7.66
697	121	4.03	8.21
698	121	4.03	8.75
699	121	4.06	9.25
700	121	4.09	9.75
701	121	4.11	10.25
702	121	4.14	10.76
703	121	4.15	11.27
704	121	4.11	11.81
705	121	4.08	12.35
706	121	4.04	12.90
707	121	4.01	13.44
708	121	4.04	13.97
709	121	4.09	14.50
710	121	4.14	15.02
711	121	4.18	15.55
698	122	3.69	0.34
699	122	3.88	0.87
700	122	4.06	1.40
701	122	4.23	1.92
702	122	4.38	2.44
703	122	4.53	2.96
704	122	4.64	3.48
705	122	4.73	4.00
706	122	4.82	4.52
707	122	4.88	5.06
708	122	4.85	5.64
709	122	4.83	6.22
710	122	4.80	6.80
711	122	4.79	7.38
712	122	4.80	7.95
713	122	4.82	8.52
714	122	4.83	9.09
715	122	4.82	9.65
716	122	4.80	10.21
717	122	4.78	10.77
718	122	4.76	11.33
719	122	4.73	11.86
720	122	4.70	12.38
721	122	4.66	12.90
722	122	4.63	13.42
723	122	4.56	13.93
724	122	4.35	14.44
725	122	4.14	14.95
699	123	5.02	0.67
700	123	5.17	1.24
701	123	5.31	1.80
702	123	5.40	2.34
703	123	5.49	2.87
704	123	5.58	3.40
705	123	5.66	3.95
706	123	5.74	4.51
707	123	5.82	5.06
708	123	5.90	5.63
709	123	5.96	6.21
710	123	6.02	6.80
711	123	6.08	7.39
712	123	6.12	7.93
713	123	6.15	8.42
714	123	6.17	8.92
715	123	6.20	9.41
716	123	6.21	9.94
717	123	6.22	10.48
718	123	6.23	11.03
719	123	6.20	11.57
720	123	6.07	12.11
721	123	5.94	12.66
722	123	5.81	13.20
723	123	5.65	13.73
724	123	5.48	14.24
725	123	5.30	14.76
726	123	5.12	15.28
701	124	4.49	0.55
702	124	4.55	1.07
703	124	4.61	1.59
704	124	4.68	2.12
705	124	4.81	2.64
706	124	4.94	3.17
707	124	5.08	3.70
708	124	5.20	4.23
709	124	5.28	4.80
710	124	5.36	5.37
711	124	5.44	5.94
712	124	5.52	6.50
713	124	5.56	7.06
714	124	5.57	7.59
715	124	5.57	8.13
716	124	5.58	8.66
717	124	5.58	9.20
718	124	5.60	9.73
719	124	5.62	10.26
720	124	5.64	10.79
721	124	5.66	11.32
722	124	5.69	11.84
723	124	5.66	12.39
724	124	5.62	12.95
725	124	5.58	13.50
726	124	5.50	14.03
727	124	5.34	14.52
728	124	5.18	15.01
729	124	5.02	15.51
702	125	3.84	0.83
703	125	3.87	1.41
704	125	3.90	1.98
705	125	4.02	2.53
706	125	4.16	3.08
707	125	4.29	3.63
708	125	4.43	4.17
709	125	4.51	4.74
710	125	4.55	5.31
711	125	4.58	5.89
712	125	4.62	6.47
713	125	4.65	7.04
714	125	4.64	7.55
715	125	4.63	8.07
716	125	4.62	8.58
717	125	4.60	9.10
718	125	4.64	9.63
719	125	4.70	10.16
720	125	4.77	10.69
721	125	4.83	11.23
722	125	4.88	11.77
723	125	4.87	12.32
724	125	4.85	12.88
725	125	4.84	13.43
726	125	4.77	13.94
727	125	4.65	14.38
728	125	4.53	14.83
729	125	4.41	15.28
731	126	6.32	15.34
732	126	6.33	15.04
733	126	6.34	14.73
734	126	6.34	14.42
735	126	6.34	14.11
736	126	6.34	13.79
737	126	6.34	13.47
738	126	6.40	13.10
739	126	6.45	12.73
740	126	6.51	12.36
741	126	6.56	11.96
742	126	6.58	11.51
743	126	6.61	11.07
744	126	6.63	10.64
745	126	6.67	10.26
746	126	6.70	9.88
747	126	6.74	9.50
748	126	6.80	9.08
749	126	6.87	8.62
750	126	6.94	8.16
751	126	7.01	7.71
752	126	7.08	7.28
753	126	7.15	6.87
754	126	7.22	6.46
755	126	7.29	6.06
756	126	7.34	5.67
757	126	7.39	5.29
758	126	7.43	4.91
759	126	7.48	4.53
760	126	7.53	4.16
761	126	7.58	3.81
762	126	7.63	3.46
763	126	7.68	3.11
764	126	7.73	2.78
765	126	7.84	2.55
766	126	7.94	2.32
767	126	8.04	2.08
768	126	8.15	1.85
769	126	8.37	1.63
770	126	8.61	1.41
771	126	8.85	1.20
772	126	9.08	1.01
773	126	9.30	0.98
774	126	9.51	0.95
775	126	9.73	0.92
733	127	3.57	15.30
734	127	3.73	14.85
735	127	3.90	14.40
736	127	4.07	13.95
737	127	4.10	13.50
738	127	4.06	13.04
739	127	4.01	12.58
740	127	3.96	12.12
741	127	3.96	11.68
742	127	3.96	11.24
743	127	3.97	10.80
744	127	3.97	10.36
745	127	3.98	9.90
746	127	3.98	9.43
747	127	3.98	8.96
748	127	3.98	8.48
749	127	3.99	8.03
750	127	4.01	7.62
751	127	4.04	7.21
752	127	4.07	6.81
753	127	4.10	6.40
754	127	4.13	5.99
755	127	4.25	5.62
756	127	4.36	5.24
757	127	4.47	4.86
758	127	4.58	4.49
759	127	4.73	4.14
760	127	4.92	3.86
761	127	5.12	3.57
762	127	5.31	3.28
763	127	5.51	3.00
764	127	5.66	2.75
765	127	5.82	2.51
766	127	5.97	2.27
767	127	6.12	2.03
768	127	6.28	1.79
769	127	6.45	1.59
770	127	6.63	1.38
771	127	6.81	1.18
772	127	6.98	0.97
773	127	7.16	0.77
734	128	5.23	15.27
735	128	5.19	14.89
736	128	5.14	14.51
737	128	5.11	14.11
738	128	5.09	13.66
739	128	5.07	13.21
740	128	5.05	12.76
741	128	5.03	12.31
742	128	4.98	11.86
743	128	4.94	11.42
744	128	4.89	10.97
745	128	4.87	10.53
746	128	4.91	10.09
747	128	4.94	9.65
748	128	4.98	9.21
749	128	5.03	8.78
750	128	5.09	8.36
751	128	5.15	7.93
752	128	5.20	7.50
753	128	5.26	7.08
754	128	5.32	6.65
755	128	5.38	6.31
756	128	5.45	5.98
757	128	5.51	5.65
758	128	5.57	5.32
759	128	5.64	4.99
760	128	5.76	4.61
761	128	5.88	4.22
762	128	6.00	3.83
763	128	6.12	3.44
764	128	6.29	3.08
765	128	6.47	2.72
766	128	6.65	2.36
767	128	6.84	2.01
768	128	7.04	1.68
769	128	7.25	1.39
770	128	7.47	1.09
771	128	7.68	0.79
772	128	7.90	0.50
734	129	6.04	15.28
735	129	5.97	14.92
736	129	5.90	14.56
737	129	5.83	14.20
738	129	5.82	13.73
739	129	5.82	13.26
740	129	5.82	12.78
741	129	5.82	12.30
742	129	5.83	11.86
743	129	5.85	11.44
744	129	5.88	11.03
745	129	5.90	10.62
746	129	5.92	10.20
747	129	5.97	9.74
748	129	6.02	9.27
749	129	6.08	8.80
750	129	6.13	8.32
751	129	6.19	7.85
752	129	6.26	7.45
753	129	6.34	7.09
754	129	6.43	6.73
755	129	6.51	6.37
756	129	6.60	6.01
757	129	6.68	5.65
758	129	6.71	5.23
759	129	6.74	4.82
760	129	6.77	4.40
761	129	6.81	3.99
762	129	6.85	3.60
763	129	6.97	3.32
764	129	7.08	3.05
765	129	7.19	2.77
766	129	7.30	2.49
767	129	7.43	2.18
768	129	7.62	1.80
769	129	7.80	1.42
770	129	7.98	1.04
771	129	8.20	0.91
772	129	8.42	0.82
773	129	8.64	0.72
774	129	8.86	0.62
736	130	4.78	15.51
737	130	4.60	15.01
738	130	4.42	14.51
739	130	4.23	14.01
740	130	4.08	13.50
741	130	3.98	12.95
742	130	3.87	12.40
743	130	3.77	11.86
744	130	3.62	11.25
745	130	3.45	10.63
746	130	3.28	10.00
747	130	3.11	9.37
748	130	3.11	8.84
749	130	3.12	8.32
750	130	3.13	7.80
751	130	3.14	7.28
752	130	3.18	6.80
753	130	3.23	6.33
754	130	3.27	5.86
755	130	3.32	5.39
756	130	3.41	4.93
757	130	3.55	4.47
758	130	3.70	4.01
759	130	3.84	3.55
760	130	4.02	3.20
761	130	4.21	2.94
762	130	4.41	2.68
763	130	4.61	2.42
764	130	4.82	2.14
765	130	5.05	1.85
766	130	5.28	1.56
767	130	5.51	1.27
768	130	5.74	0.99
769	130	5.93	0.77
770	130	6.12	0.54
771	130	6.31	0.32
750	131	4.83	15.60
751	131	4.91	15.06
752	131	4.99	14.52
753	131	5.07	13.98
754	131	5.11	13.39
755	131	5.14	12.80
756	131	5.18	12.21
757	131	5.22	11.68
758	131	5.26	11.19
759	131	5.31	10.71
760	131	5.35	10.22
761	131	5.38	9.72
762	131	5.41	9.20
763	131	5.43	8.67
764	131	5.45	8.15
765	131	5.47	7.62
766	131	5.49	7.15
767	131	5.49	6.71
768	131	5.49	6.28
769	131	5.50	5.84
770	131	5.50	5.40
771	131	5.52	4.95
772	131	5.55	4.47
773	131	5.58	3.99
774	131	5.61	3.50
775	131	5.64	3.02
776	131	5.67	2.54
777	131	5.71	2.06
778	131	5.75	1.57
779	131	5.78	1.09
780	131	5.82	0.61
764	132	3.86	0.71
765	132	3.87	1.23
766	132	3.89	1.74
767	132	3.91	2.28
768	132	3.94	2.85
769	132	3.97	3.42
770	132	4.00	4.00
771	132	4.03	4.57
772	132	4.06	5.11
773	132	4.10	5.57
774	132	4.13	6.03
775	132	4.16	6.49
776	132	4.19	6.95
777	132	4.17	7.44
778	132	4.05	7.95
779	132	3.94	8.47
780	132	3.83	8.99
781	132	3.72	9.51
782	132	3.74	10.04
783	132	3.77	10.58
784	132	3.80	11.12
785	132	3.88	11.65
786	132	3.96	12.18
787	132	4.04	12.70
788	132	4.11	13.23
789	132	4.19	13.76
790	132	4.21	14.30
791	132	4.24	14.84
792	132	4.26	15.38
768	133	5.30	15.24
769	133	5.33	14.74
770	133	5.36	14.25
771	133	5.34	13.74
772	133	5.27	13.23
773	133	5.19	12.72
774	133	5.12	12.21
775	133	5.17	11.72
776	133	5.22	11.24
777	133	5.27	10.75
778	133	5.33	10.31
779	133	5.40	9.93
780	133	5.48	9.55
781	133	5.55	9.17
782	133	5.63	8.80
783	133	5.74	8.44
784	133	5.84	8.08
785	133	5.94	7.72
786	133	6.04	7.37
787	133	6.21	6.93
788	133	6.38	6.48
789	133	6.55	6.04
790	133	6.72	5.61
791	133	6.88	5.20
792	133	7.05	4.78
793	133	7.22	4.37
794	133	7.33	3.97
795	133	7.43	3.58
796	133	7.54	3.19
797	133	7.67	2.81
798	133	7.86	2.47
799	133	8.05	2.12
800	133	8.24	1.78
801	133	8.45	1.60
802	133	8.66	1.44
803	133	8.87	1.28
804	133	9.08	1.14
805	133	9.30	1.04
806	133	9.53	0.94
807	133	9.75	0.85
808	133	9.98	0.75
770	134	4.07	15.49
771	134	4.12	14.90
772	134	4.18	14.30
773	134	4.24	13.71
774	134	4.30	13.21
775	134	4.36	12.72
776	134	4.42	12.23
777	134	4.47	11.70
778	134	4.52	11.16
779	134	4.58	10.61
780	134	4.63	10.06
781	134	4.70	9.56
782	134	4.77	9.05
783	134	4.84	8.55
784	134	4.92	8.04
785	134	5.06	7.59
786	134	5.23	7.16
787	134	5.40	6.73
788	134	5.58	6.30
789	134	5.73	5.86
790	134	5.82	5.42
791	134	5.91	4.98
792	134	5.99	4.54
793	134	6.15	4.11
794	134	6.35	3.70
795	134	6.55	3.28
796	134	6.75	2.87
797	134	6.92	2.47
798	134	7.09	2.07
799	134	7.26	1.66
800	134	7.50	1.29
801	134	7.90	0.98
802	134	8.31	0.66
777	135	3.39	0.59
778	135	3.43	0.95
779	135	3.47	1.31
780	135	3.51	1.67
781	135	3.55	2.03
782	135	3.57	2.44
783	135	3.58	2.87
784	135	3.59	3.30
785	135	3.60	3.74
786	135	3.62	4.17
787	135	3.64	4.62
788	135	3.66	5.06
789	135	3.69	5.51
790	135	3.71	5.95
791	135	3.73	6.39
792	135	3.75	6.84
793	135	3.77	7.29
794	135	3.77	7.80
795	135	3.77	8.30
796	135	3.77	8.81
797	135	3.77	9.31
798	135	3.77	9.82
799	135	3.76	10.32
800	135	3.69	10.79
801	135	3.63	11.25
802	135	3.57	11.72
803	135	3.50	12.19
804	135	3.44	12.66
805	135	3.42	13.15
806	135	3.44	13.65
807	135	3.46	14.16
808	135	3.48	14.66
809	135	3.50	15.17
778	136	4.41	0.53
779	136	4.43	0.99
780	136	4.45	1.44
781	136	4.47	1.89
782	136	4.48	2.31
783	136	4.49	2.73
784	136	4.50	3.15
785	136	4.51	3.57
786	136	4.53	3.99
787	136	4.54	4.43
788	136	4.56	4.86
789	136	4.58	5.30
790	136	4.59	5.73
791	136	4.62	6.16
792	136	4.66	6.59
793	136	4.69	7.02
794	136	4.73	7.46
795	136	4.76	7.89
796	136	4.80	8.32
797	136	4.84	8.82
798	136	4.88	9.35
799	136	4.92	9.87
800	136	4.96	10.40
801	136	5.00	10.92
802	136	4.98	11.43
803	136	4.92	11.91
804	136	4.86	12.39
805	136	4.79	12.88
806	136	4.73	13.36
807	136	4.72	13.83
808	136	4.74	14.30
809	136	4.77	14.77
810	136	4.79	15.23
801	137	0.07	9.06
802	137	0.27	9.31
803	137	0.47	9.57
804	137	0.67	9.82
805	137	1.10	10.14
806	137	1.63	10.49
807	137	2.15	10.84
808	137	2.68	11.18
809	137	3.02	11.54
810	137	3.28	11.90
811	137	3.53	12.27
812	137	3.77	12.64
813	137	4.01	13.02
814	137	4.05	13.45
815	137	4.05	13.91
816	137	4.05	14.44
817	137	4.05	14.98
802	138	0.28	8.57
803	138	0.61	8.83
804	138	0.95	9.10
805	138	1.49	9.42
806	138	2.09	9.76
807	138	2.68	10.11
808	138	3.22	10.51
809	138	3.77	10.92
810	138	4.01	11.32
811	138	4.23	11.71
812	138	4.45	12.21
813	138	4.67	12.77
814	138	4.80	13.27
815	138	4.88	13.73
816	138	4.93	14.22
817	138	4.98	14.71
818	138	5.04	15.20
836	139	4.14	0.37
837	139	4.23	0.94
838	139	4.32	1.52
839	139	4.42	2.09
840	139	4.48	2.65
841	139	4.50	3.21
842	139	4.51	3.77
843	139	4.53	4.33
844	139	4.55	4.88
845	139	4.56	5.43
846	139	4.56	5.99
847	139	4.57	6.54
848	139	4.58	7.01
849	139	4.59	7.30
850	139	4.61	7.59
851	139	4.63	7.88
852	139	4.67	8.16
853	139	4.72	8.51
854	139	4.77	8.94
855	139	4.81	9.39
856	139	4.85	9.92
857	139	4.90	10.45
858	139	4.94	10.98
859	139	4.97	11.44
860	139	4.98	11.84
861	139	4.99	12.23
862	139	5.00	12.62
863	139	5.01	13.01
864	139	4.97	13.33
865	139	4.92	13.62
866	139	4.92	13.93
867	139	4.93	14.25
868	139	4.87	14.65
869	139	4.78	15.09
870	139	4.69	15.53
841	140	7.25	15.32
842	140	7.11	14.71
843	140	6.96	14.10
844	140	6.84	13.46
845	140	6.71	12.82
846	140	6.58	12.18
847	140	6.46	11.55
848	140	6.34	10.92
849	140	6.34	10.32
850	140	6.53	9.77
851	140	6.72	9.22
852	140	6.87	8.68
853	140	6.93	8.15
854	140	6.99	7.62
855	140	7.04	7.09
856	140	7.12	6.55
857	140	7.22	6.01
858	140	7.31	5.47
859	140	7.41	4.93
860	140	7.45	4.43
861	140	7.45	3.97
862	140	7.45	3.51
863	140	7.45	3.05
864	140	7.47	2.57
865	140	7.49	2.09
866	140	7.50	1.61
867	140	7.72	1.28
868	140	7.95	0.98
869	140	8.40	0.75
870	140	8.86	0.52
871	140	9.09	0.49
872	140	9.32	0.46
859	141	0.57	7.12
860	141	1.31	6.90
861	141	2.27	6.60
862	141	3.28	6.27
863	141	3.68	6.00
864	141	4.02	5.74
865	141	4.34	5.52
866	141	4.57	5.50
867	141	4.81	5.48
868	141	4.90	5.31
869	141	4.98	5.13
870	141	4.98	4.83
871	141	4.92	4.45
872	141	4.87	4.05
873	141	4.84	3.59
874	141	4.80	3.13
875	141	4.75	2.67
876	141	4.66	2.19
877	141	4.57	1.72
878	141	4.49	1.25
879	141	4.42	0.79
880	141	4.35	0.33
861	142	0.20	7.79
862	142	0.48	7.68
863	142	0.76	7.57
864	142	1.17	7.26
865	142	1.60	6.92
866	142	2.02	6.57
867	142	2.44	6.21
868	142	2.85	5.85
869	142	3.06	5.41
870	142	3.14	4.91
871	142	3.22	4.42
872	142	3.24	3.99
873	142	3.24	3.56
874	142	3.22	3.05
875	142	3.19	2.54
876	142	3.18	2.06
877	142	3.21	1.64
878	142	3.24	1.22
879	142	3.27	0.81
863	143	5.63	15.34
864	143	5.81	14.88
865	143	5.92	14.40
866	143	5.96	13.91
867	143	6.01	13.42
868	143	5.94	12.93
869	143	5.79	12.45
870	143	5.66	11.98
871	143	5.62	11.61
872	143	5.58	11.24
873	143	5.54	10.86
874	143	5.56	10.49
875	143	5.73	10.13
876	143	5.90	9.77
877	143	5.97	9.43
878	143	6.05	9.09
879	143	6.08	8.73
880	143	6.08	8.36
881	143	6.09	8.00
882	143	6.12	7.65
883	143	6.15	7.30
884	143	6.18	6.95
885	143	6.28	6.57
886	143	6.37	6.20
887	143	6.47	5.83
888	143	6.60	5.45
889	143	6.75	5.07
890	143	6.90	4.68
891	143	6.97	4.31
892	143	6.99	3.95
893	143	7.01	3.58
894	143	6.94	3.11
895	143	6.85	2.59
896	143	6.74	2.07
897	143	6.64	1.55
898	143	6.53	1.04
899	143	6.42	0.52
865	144	5.24	15.53
866	144	5.32	15.12
867	144	5.40	14.72
868	144	5.45	14.29
869	144	5.43	13.80
870	144	5.42	13.31
871	144	5.39	12.86
872	144	5.34	12.46
873	144	5.30	12.07
874	144	5.30	11.64
875	144	5.36	11.19
876	144	5.42	10.74
877	144	5.47	10.30
878	144	5.50	9.89
879	144	5.54	9.47
880	144	5.58	9.06
881	144	5.60	8.65
882	144	5.62	8.23
883	144	5.64	7.81
884	144	5.66	7.40
885	144	5.73	6.97
886	144	5.80	6.54
887	144	5.88	6.11
888	144	5.95	5.68
889	144	5.91	5.23
890	144	5.87	4.79
891	144	5.83	4.34
892	144	5.79	3.91
893	144	5.75	3.52
894	144	5.71	3.14
895	144	5.67	2.76
896	144	5.64	2.37
897	144	5.44	1.90
898	144	5.24	1.43
899	144	5.04	0.95
900	144	4.85	0.48
866	145	2.83	15.37
867	145	2.89	14.73
868	145	2.96	14.10
869	145	2.98	13.48
870	145	2.97	12.85
871	145	2.96	12.23
872	145	2.94	11.61
873	145	2.97	10.99
874	145	3.01	10.36
875	145	3.06	9.74
876	145	3.10	9.12
877	145	3.15	8.49
878	145	3.19	7.87
879	145	3.24	7.25
880	145	3.28	6.65
881	145	3.32	6.08
882	145	3.36	5.50
883	145	3.40	4.92
884	145	3.44	4.34
885	145	3.48	3.76
886	145	3.49	3.20
887	145	3.49	2.64
888	145	3.50	2.08
889	145	3.50	1.51
890	145	3.50	0.95
891	145	3.51	0.39
866	146	3.67	15.57
867	146	3.71	14.97
868	146	3.76	14.37
869	146	3.82	13.73
870	146	3.88	13.08
871	146	3.94	12.42
872	146	3.99	11.77
873	146	4.03	11.13
874	146	4.06	10.49
875	146	4.10	9.84
876	146	4.14	9.21
877	146	4.20	8.62
878	146	4.25	8.03
879	146	4.31	7.44
880	146	4.36	6.85
881	146	4.42	6.26
882	146	4.44	5.70
883	146	4.46	5.13
884	146	4.48	4.56
885	146	4.50	3.99
886	146	4.55	3.42
887	146	4.61	2.85
888	146	4.66	2.27
889	146	4.70	1.70
890	146	4.67	1.14
891	146	4.64	0.57
867	147	6.25	15.16
868	147	6.34	14.60
869	147	6.41	14.14
870	147	6.46	13.70
871	147	6.52	13.26
872	147	6.49	12.79
873	147	6.45	12.31
874	147	6.42	11.83
875	147	6.38	11.40
876	147	6.34	10.97
877	147	6.29	10.54
878	147	6.29	10.14
879	147	6.30	9.74
880	147	6.31	9.34
881	147	6.34	8.93
882	147	6.40	8.51
883	147	6.46	8.09
884	147	6.52	7.67
885	147	6.58	7.27
886	147	6.65	6.90
887	147	6.71	6.52
888	147	6.78	6.15
889	147	6.73	5.66
890	147	6.68	5.17
891	147	6.63	4.68
892	147	6.58	4.19
893	147	6.49	3.77
894	147	6.39	3.34
895	147	6.29	2.92
896	147	6.20	2.46
897	147	6.12	2.01
898	147	5.98	1.55
899	147	5.81	1.09
900	147	5.65	0.62
856	148	9.61	0.94
857	148	9.44	1.05
858	148	9.28	1.16
859	148	9.13	1.20
860	148	8.98	1.23
861	148	8.83	1.26
862	148	8.69	1.28
863	148	8.54	1.31
864	148	8.43	1.38
865	148	8.34	1.51
866	148	8.26	1.63
867	148	8.18	1.75
868	148	8.05	1.80
869	148	7.90	1.81
870	148	7.74	1.83
871	148	7.71	1.82
872	148	7.70	1.81
873	148	7.69	1.79
874	148	7.68	1.78
875	148	7.67	1.77
876	148	7.66	1.75
877	148	7.65	1.74
878	148	7.64	1.72
879	148	7.63	1.71
880	148	7.62	1.70
881	148	7.61	1.68
882	148	7.60	1.67
883	148	7.59	1.66
884	148	7.58	1.64
885	148	7.57	1.63
886	148	7.57	1.61
887	148	7.56	1.60
888	148	7.55	1.59
889	148	7.54	1.57
890	148	7.53	1.56
891	148	7.52	1.55
892	148	7.51	1.53
893	148	7.50	1.52
894	148	7.49	1.50
895	148	7.48	1.49
896	148	7.47	1.48
897	148	7.46	1.46
898	148	7.39	1.36
899	148	7.18	1.06
900	148	6.97	0.76
901	148	6.76	0.46
